0	42486025	拿得起	0.011235	0.011235	[34]	有过来人么？对铁路寒心了，辞职去大专当老师怎么样	10.0	1.0	0	29.0
1	42616726	超级凡啊	0.122798	0.122798	[36]	NaN	NaN	NaN	NaN	NaN
2	42614555	虎扑篮球新闻	0.000000	0.000000	[34, 24]	[流言板]G2裁判报告：只有一次错判，胡明轩提前进线为正确判罚	173.0	2.0	42899,32632	532.0
3	42609922	虎扑JR1324071956	0.000000	0.000000	[24]	喜欢上老师，真的想再见她一面，急哭了	1.0	2.0	0	1398.0
4	42616088	小野向井地	0.100840	0.100840	[32]	【足坛群星闪耀时76】“汉堡魂灵”乌韦-席勒技术集锦	184.0	1.0	24517,24293	5.0
5	42611012	今晚绝杀	0.000000	0.000000	[24]	分手的路上	6.0	2.0	0	1037.0
6	145138	NaN	0.153348	29.902819	[0]	NaN	NaN	NaN	NaN	NaN
7	42611425	安危谁与共T风雨忆同舟	0.000000	0.000000	[34, 24]	疑似在三亚遇到了邹雨宸	173.0	2.0	43398,28489	266.0
8	42611662	化而丶为鹏	0.000000	0.000000	[17, 34, 24]	更新鸿蒙一天了，来分享下使用体验	294.0	2.0	15674	283.0
9	42616744	你说的这个朋友就是你自己吧	0.122798	0.122798	[36]	NaN	NaN	NaN	NaN	NaN
10	42613459	昏头崽罗恩	0.000000	0.000000	[24]	[赛后]重庆QG 3-0 西安WE，渝都雾散玫瑰香，QG绿林护山城	88.0	2.0	43417,42843,42989	213.0
11	42613314	烈豹小密探	0.000000	0.000000	[34]	曾凡博对抗后到底久久不起被担架直接抬出场外	173.0	2.0	34791	111.0
12	42616527	我爱小金晨	0.100840	0.100840	[32]	如果葡萄牙夺冠，B费能金球吗？	184.0	1.0	17994,38271	2.0
13	145512	NaN	0.152775	29.791164	[0]	NaN	NaN	NaN	NaN	NaN
14	42600101	虎扑足球新闻	0.000000	0.000000	[17]	[流言板]梅西将在美洲杯前接种中国疫苗，全部由中国公司捐赠	197.0	2.0	26946,19272,42734	780.0
15	42609895	虎扑JR0584661032	0.000000	0.000000	[24]	女朋友怎么都好 就是太丑了，婚期将至心里很矛盾，求骂醒	6.0	1.0	32836,39820	375.0
16	42608649	芸芸众生中的一粒尘埃	0.000000	0.000000	[24]	吃遍盖饭第四十七天 小炒猪肝盖饭 12元	1.0	2.0	47526,24054,35927	209.0
17	42606663	湖人10号梅西	0.000000	0.000000	[24]	朋友圈看到的，UFO？	1.0	2.0	0	323.0
18	42604206	青山见是	0.000000	0.000000	[18, 24]	你们的男朋友也要求每天互道晚安吗？	6.0	2.0	18952	318.0
19	42608217	搬运基地	0.000000	0.000000	[24]	好家伙，掀开宝贝们的被子就像开盲盒一样	2.0	3.0	0	114.0
20	145126	NaN	0.082349	16.057980	[0]	NaN	NaN	NaN	NaN	NaN
21	42616153	虎扑足球新闻	0.100840	0.100840	[32]	[流言板]马尔基西奥：B费在意甲时，没有任何意甲豪门愿意相信他潜力	184.0	2.0	39043,36250,38271	4.0
22	42603072	用户2015573633	0.000000	0.000000	[34, 24]	齐达内：我早就说马竞巴萨会丢分，你们还笑我	184.0	2.0	40839,35454,18447	155.0
23	42604722	虎扑篮球新闻	0.000000	0.000000	[17, 34]	[流言板]生涯之夜！凯文-波特全场得到50分11助攻，得分创生涯新高	502.0	1.0	22647,33127,22473,29071	1724.0
24	42605610	追风骑士123	0.000000	0.000000	[18, 24]	双马尾赵粤造型	59.0	2.0	29840	183.0
25	42614471	皇马名宿圣伊哥尔	0.000000	0.000000	[34]	你买我推荐，我买我真买	278.0	2.0	0	54.0
26	42600429	李黎基地	0.000000	0.000000	[17, 18]	竞选虎扑最帅偷家	85.0	3.0	40220	90.0
27	145229	NaN	0.082016	15.993032	[0]	NaN	NaN	NaN	NaN	NaN
28	42606243	我是立青	0.000000	0.000000	[18, 24]	我离过婚最近喜欢一个男生	6.0	2.0	0	508.0
29	42616596	每日体育报	0.100840	0.100840	[32]	三场不可原谅的失误，巴萨在对埃瓦尔、加的斯和格拉纳达的比赛中丢分	184.0	2.0	0	0.0
30	42612330	足球那些事儿	0.000000	0.000000	[34]	官方：穆里尼奥加盟《太阳报》，担任欧洲杯专栏作家	184.0	2.0	19746,16421,30283	31.0
31	42606737	JRs评选	0.000000	0.000000	[17, 24]	JRs评选：小波特50分，杜兰特42分，今日最佳你选谁	177.0	2.0	32044	549.0
32	42612975	冰帝迹部	0.000000	0.000000	[34]	你曾经最喜欢玩的游戏是什么？	3.0	3.0	42684	121.0
33	42608373	虎扑JR0791374908	0.000000	0.000000	[18]	ig和t1两个巅峰期恐怖至极的队伍如果想重返世界赛需要怎么做？	85.0	2.0	25046,44039,42700	371.0
34	145320	NaN	0.082008	15.991520	[0]	NaN	NaN	NaN	NaN	NaN
35	42615296	虎扑JRs之声	0.000000	0.000000	[34]	【JRs之声】小凯文-波特生涯新高；骑士交易他到底是对是错	177.0	2.0	22647,27320,22473,29071	38.0
36	42611665	Zeratul1	0.000000	0.000000	[17]	鸿蒙推出后，能不能跟安卓，ios分庭抗礼？	1.0	1.0	15674,42780,18172	277.0
37	42614585	登芬空接之城	0.100840	0.100840	[32]	梅西精彩过人集锦，让人赏心悦目！！	184.0	3.0	26946	8.0
38	42614648	虎扑JR0460966000	0.000000	0.000000	[34]	奥迪a6L 座椅皮套分享	278.0	2.0	24021,39589	33.0
39	42615100	古人的	0.000000	0.000000	[17]	枯萎他是真的菜还是在演戏？	85.0	1.0	0	36.0
40	42611253	最胖的农民工	0.000000	0.000000	[34]	蔚来的服务真的是好	278.0	2.0	43053	107.0
41	145318	NaN	0.081601	15.912130	[0]	NaN	NaN	NaN	NaN	NaN
42	42605224	虎扑篮球新闻	0.000000	0.000000	[17, 18]	[流言板]斯蒂芬-库里4月份共命中96记三分，创NBA历史纪录	502.0	2.0	38576,38321,42664	313.0
43	42601453	勇士退役35号	0.000000	0.000000	[24]	别人看我对象的朋友圈跟我看我对象的朋友圈	6.0	2.0	16756	506.0
44	42610498	xifangg	0.000000	0.000000	[34]	逆风输出，再论穆里尼奥和瓜迪奥拉的执教成绩	184.0	1.0	19746,32086	127.0
45	42614375	牙顶改	0.100840	0.100840	[32]	不懂就问，今年法甲竞争如此激烈，有啥青年才俊值得留意的？	184.0	2.0	37423	5.0
46	42607979	盲人小画家	0.000000	0.000000	[17, 18]	他去冰岛了，店里生意咋办	85.0	2.0	18932	69.0
47	42614889	乘龙御凤	0.000000	0.000000	[17]	求助，朋友怀孕30周查出这个怎么办？	1.0	2.0	0	21.0
48	145136	NaN	0.051032	9.951282	[0]	NaN	NaN	NaN	NaN	NaN
49	42614399	你拿我希尔	0.000000	0.000000	[34]	英超热刺名宿吉诺拉：凯恩会去一家伦敦俱乐部 但肯定不会是阿森纳	184.0	1.0	32976,39521,59196,39854,19487,26431	22.0
50	42613869	纳什Steve	0.000000	0.000000	[34]	余承东：华为手机高端让给了苹果，中低端让给了OV和小米	294.0	2.0	25682,39465,29564,26879,37375	67.0
51	42613567	爱游戏电竞狂魔	0.000000	0.000000	[34]	曼联成引入哈兰德的热门球队！媒体爆料：皇马和巴萨已退出争夺	184.0	2.0	29571,16404,40839,20317	29.0
52	42609535	金州勇士队榜眼詹姆斯怀斯曼	0.000000	0.000000	[24]	NBA历史上有没有既拿过得分王，又拿过抢断王的球员？怎么看？	177.0	2.0	42664,39404	186.0
53	42614703	毛毯厂	0.100840	0.100840	[32]	卡瓦尼续约是好事，但曼联中锋位置还得继续补强吧？	184.0	2.0	33606,20317	6.0
54	42608907	dadadaming	0.000000	0.000000	[34, 24]	鸿蒙还真不是安卓换皮	294.0	2.0	15674,18172	216.0
55	145515	NaN	0.043572	8.496531	[0]	NaN	NaN	NaN	NaN	NaN
56	42614065	虎扑JR2071410527	0.000000	0.000000	[17]	说实话s8还好，s9那个中上不是随便换优秀中国人就能赢吗	85.0	1.0	42916,42734	34.0
57	42607511	绝境狂小P	0.000000	0.000000	[17, 18]	冰岛离西欧挺远的，延迟会不会很高	85.0	2.0	18932	65.0
58	42612144	实况足球门柱君	0.000000	0.000000	[34]	太阳报：邀请罗杰斯执教要花费7000万镑左右，热刺已被吓退	184.0	2.0	16546,16421,39854	36.0
59	42609046	凑合过吧还能离是咋滴	0.000000	0.000000	[18, 24]	把二十只比特和一只东北虎关在一起，老虎能坚持多久	1.0	2.0	18536,17209	326.0
60	42605756	虎扑篮球新闻	0.000000	0.000000	[17, 18, 34]	[流言板]小凯文-波特：被交易到火箭是福，我想成为火箭的基石球员	502.0	2.0	22473,37514	545.0
61	42614935	凍梁	0.100840	0.100840	[32]	如何用你的母语方言翻译球星名字？	184.0	2.0	0	9.0
62	145513	NaN	0.029958	5.841725	[0]	NaN	NaN	NaN	NaN	NaN
63	42613160	风兄弟	0.000000	0.000000	[17]	腾杨 rng kz 那一场到底收到多少W	85.0	1.0	52452,42791	27.0
64	42613301	WWW某某	0.000000	0.000000	[34]	曾凡博直接被担架推出去了	173.0	2.0	34791	43.0
65	42613771	四氧丁彦化三铁宇航	0.000000	0.000000	[34]	郭艾伦可能在男篮历史上留下特殊的位置	173.0	2.0	28036	62.0
66	42614047	虎扑JR0652565533	0.000000	0.000000	[34]	小米要是用上鸿蒙，网友直接回复：“我买爆！”	294.0	2.0	15674,29564	60.0
67	42612846	Little_祁	0.000000	0.000000	[34]	上岸成功！	11.0	2.0	0	131.0
68	42608733	火车叨位去a	0.000000	0.000000	[17, 18, 26]	兄弟们搜不到腾扬赛评了	85.0	2.0	328293	87.0
69	145511	NaN	0.023834	4.647663	[0]	NaN	NaN	NaN	NaN	NaN
70	42615008	虎扑JR0682232755	0.100840	0.100840	[32]	官方：巴萨主帅科曼将被停赛两场，无缘战马竞、瓦伦西亚	184.0	2.0	28869,40839,36990,18447	5.0
71	42613451	王者荣耀官号	0.000000	0.000000	[17]	《UI改造日志》第16期：血条图标优化，喷漆系统爆料	88.0	2.0	33283	15.0
72	42612482	虎扑怒插	0.000000	0.000000	[34]	哈兰德加盟曼城——谁有一战之力？	184.0	2.0	29571,19031	18.0
73	42607828	秋名山顶老司机	0.000000	0.000000	[18]	卧槽一胖毁所有，你们猜猜这是谁	59.0	2.0	0	154.0
74	42605702	MiaSanTPL	0.000000	0.000000	[24]	库里，就是斗地主里的最大的癞子牌	177.0	1.0	38576,45112	223.0
75	42608738	布尔什维刻	0.000000	0.000000	[34, 24]	G1的时候我真对国家队双后卫表示怀疑了	173.0	2.0	20495	168.0
76	42608410	身高真的是155	0.000000	0.000000	[18, 24]	jrs，虎扑领的男朋友分手了	6.0	2.0	18952,40220	244.0
77	42614790	虎扑JR0682232755	0.100840	0.100840	[32]	达米安：赢萨索洛是决定性的，孔蒂的战术比范加尔和穆帅先进	184.0	2.0	37782,32120,27900,36654,33454	4.0
78	42605622	clearlove明恋	0.000000	0.000000	[18]	DWG皮肤制作幕后花絮 Nuguri：让他们画出小浣熊的耳朵和尾巴\n	85.0	2.0	43318,207812,21709	51.0
79	42605409	虎扑篮球新闻	0.000000	0.000000	[17, 34]	[流言板]小凯文-波特成为NBA历史上得到50分10助攻最年轻的球员	502.0	2.0	42664,22473	497.0
80	42607256	南北9	0.000000	0.000000	[17]	只要我拿出马克就没一个能打的	88.0	2.0	18044	155.0
81	42608237	汉中王_关羽	0.000000	0.000000	[18]	JKL是不是冠军ad中技术最糙的那一个？	85.0	1.0	42935,24859,42636	103.0
82	42608089	红色方的小兵	0.000000	0.000000	[18]	不懂就问，你胜率最高的英雄是？	85.0	2.0	25844	234.0
83	42607319	Sunshineuponme	0.000000	0.000000	[24]	科比81分那场，上半场才26分？	177.0	2.0	32172	341.0
84	42607390	CJB林教练	0.000000	0.000000	[18]	电竞而论，王者的职业是不是跟路人最接近的游戏？顶级五人组动不动被路人平推！	88.0	2.0	39584,44993,42742,42684,22044	92.0
85	42604137	冷静猫范德萨	0.000000	0.000000	[18]	【皮肤鉴赏团】五一活动首次半价皮肤推荐	85.0	2.0	21709	270.0
86	42608044	犯二神经病	0.000000	0.000000	[17, 24]	NBA中，哪些球员的心酸故事一直感动着你？	177.0	2.0	42664	179.0
87	42613764	别残废	0.000000	0.000000	[34]	昨晚在三亚后海偶遇阿不都，本人是真的帅。	173.0	2.0	43398,36895	32.0
88	42611720	狂风治理指明节奏	0.000000	0.000000	[17]	但凡休赛期冰冰跟kk打两把麻将粉丝都不致于拆队	85.0	1.0	20708,59897	55.0
89	42613603	富林观察	0.000000	0.000000	[34]	为什么CBA仅广东一只王朝球队？下一只王朝球队多久才能出现？	173.0	1.0	42647,43054	44.0
90	42604458	太空人2	0.000000	0.000000	[18]	正在追一个女生，这么回答是不是凉了？	6.0	2.0	0	182.0
91	42606402	Curryell	0.000000	0.000000	[18, 26]	[情报站]C9官推：训练赛打的不错，快点到MSI吧	85.0	2.0	52629,42967,26716	59.0
92	42611427	5冠5MVP5FMVP	0.000000	0.000000	[34]	32岁才这点工资，我算是废了吗	10.0	2.0	37635	166.0
93	42604844	虎扑篮球新闻	0.000000	0.000000	[34]	[流言板]爆炸！小凯文-波特全场砍下50分11助攻，队史仅哈登做到	502.0	2.0	23970,22647,22473	613.0
94	42606584	AK体育专栏	0.000000	0.000000	[18, 24]	NBA历史上有没有既拿过得分王，又拿过助攻王的球员？怎么看？	177.0	2.0	42664,39404	338.0
95	42613845	Teenager的小尾巴	0.000000	0.000000	[34]	k40和neo5的销量统计	294.0	2.0	82266	39.0
96	42612277	我和林允儿姐弟恋	0.000000	0.000000	[17]	鹿晗一人之下	59.0	2.0	17640	75.0
97	42613394	牛呮	0.000000	0.000000	[34]	好家伙小米11 用3个月烧穿主板返厂了	294.0	2.0	29564	55.0
98	42608565	火箭保罗哥哥	0.000000	0.000000	[17]	19年后我一度怀疑保罗快退役了…	177.0	2.0	33253	213.0
99	42605470	后厂村体工队	0.000000	0.000000	[34]	总决赛G2：一场辽宁队对彼此的终极救赎	173.0	2.0	0	81.0
100	42613141	一月在岛上	0.000000	0.000000	[34]	鳄鱼绿 A6allroad订车	278.0	2.0	0	57.0
101	42605640	虎扑JR1347613281	0.000000	0.000000	[17]	线上和打野，永远不能互相理解	85.0	1.0	42648	89.0
102	42605695	叶离	0.000000	0.000000	[18]	Nuguri。凯南冠军皮肤	85.0	2.0	30310,207812,24859,21709	53.0
103	42614101	中国男篮姚明死忠粉	0.000000	0.000000	[34]	有一说一 现在cba总决赛的观赏性是不是远超nba常规赛啊？	173.0	2.0	42647,42664	25.0
104	42607718	只爱好看足球	0.000000	0.000000	[34]	有人希望塞维利亚今年拿西甲吗？	184.0	2.0	29408,25422	50.0
105	42609093	诸葛丞相的魔封波	0.000000	0.000000	[26]	msi版本上单回到坦克和重装战士版本了？	85.0	2.0	45461,42967,38809,42697,25582	34.0
106	42607956	凍梁	0.000000	0.000000	[34]	罗马这三年发生了什么，有没有老哥来说下？	184.0	2.0	16584	32.0
107	42603188	虎扑篮球新闻	0.000000	0.000000	[18]	[流言板]下半场发力！杜兰特全场砍下42分3篮板10助攻	502.0	1.0	32044	1514.0
108	42609946	若你不会走	0.000000	0.000000	[17]	2021第一季度PC游戏影响指数：LOL继续保持第一	85.0	2.0	42643,42684	36.0
109	42612191	虎扑JR0478383381	0.000000	0.000000	[34]	鸿蒙是否套皮其实一点不重要，没有必要纠结	294.0	1.0	15674	53.0
110	42607063	乐邦丶时代	0.000000	0.000000	[24]	nba堪称体力怪物的有哪些球星	177.0	1.0	31042,42664	420.0
111	42608367	这感觉已经不对我努力再挽回	0.000000	0.000000	[18]	同样是赌狗，为什么这么多人想山泥若回来解说？	85.0	1.0	0	26.0
112	42608313	红色方的小兵	0.000000	0.000000	[18]	今日五一半价活动开启，一人推荐一个英雄的半价皮肤吧	85.0	2.0	25844,21709	100.0
113	42611694	股票猛飞	0.000000	0.000000	[17]	rng如果买来天使替换果子，从中单特性来说，哪方面会有提高？	85.0	1.0	22673,42791,16091,27661	48.0
114	42602887	voliCD	0.000000	0.000000	[18]	努努开W可以穿墙详解，这招BUG一般的技巧真的离谱	85.0	3.0	42681	29.0
115	42607117	孔鹅基地	0.000000	0.000000	[18]	半价皮 大家都买了啥	85.0	2.0	0	91.0
116	42612740	Gigi怪只捡别人不要的冠军	0.000000	0.000000	[34]	高中老师发的，什么水平	11.0	2.0	39739,21899	43.0
117	42603260	QUKANQIU	0.000000	0.000000	[18]	【视频】吴彦祖谈哈登：很牛X 但对他的打法不太感冒 因为他总造犯规	177.0	1.0	23970,42712	296.0
118	42609662	英雄联盟大神	0.000000	0.000000	[17, 26]	大家看看我这波小锤石能不能上MSI	85.0	3.0	42967,19356	23.0
119	42606985	虎扑JR1141623426	0.000000	0.000000	[18]	左手现在在联盟是什么水平，如果放在市场上哪些队伍会抢？	85.0	1.0	35522,18756,25046	46.0
120	42605664	旧城bb机一号	0.000000	0.000000	[17, 18]	兄弟们太阳女孩哪个皮肤好	85.0	2.0	21709	44.0
121	42605090	虎扑篮球新闻	0.000000	0.000000	[17, 18, 34]	[流言板]小凯文-波特成为NBA史上第四位砍下50+的21岁以下球员	502.0	2.0	42664,22473	338.0
122	42602071	我真是太讨厌吃鱼了	0.000000	0.000000	[34]	葡萄牙当地球迷见证C罗3-3西班牙时的反应	184.0	3.0	17814,17994,29055	106.0
123	42604084	镇江金城武	0.000000	0.000000	[34]	发帖防一血，A3sportback 哥特兰绿	278.0	2.0	26115	118.0
124	42609660	钻石98k	0.000000	0.000000	[34]	全浙江唯一一个站辽宁队的 哈哈哈	173.0	2.0	42748	80.0
125	42612323	Ramsey1108	0.000000	0.000000	[34]	这个算一血吗兄弟们，被我爸吼了一下	278.0	2.0	0	71.0
126	42608423	哈登基地	0.000000	0.000000	[17]	MSI历史TOP20最强操作名场面，什么水平	85.0	3.0	42967	24.0
127	42607693	牛奶橙子老叔叔	0.000000	0.000000	[18]	我要好好把握一下喷射套餐	1.0	2.0	25454	92.0
128	42607357	krisds007	0.000000	0.000000	[18]	兄弟们，乐芙兰皮肤选魔女还是ig？	85.0	2.0	27938,17620,42700,21709	40.0
129	42612653	阿liao	0.000000	0.000000	[34]	京东realme 欠我12块，快一个月了不还什么水平？	294.0	2.0	20434	23.0
130	42610461	盐焗小笼包	0.000000	0.000000	[34]	威少爷各种杂图集合（包含雷霆龟火箭龟时期）	143.0	2.0	0	66.0
131	42612250	JokerEeeer	0.000000	0.000000	[34]	看完四大名著，最好看的难道不是水浒传吗？	12.0	1.0	34694,19643	33.0
132	42606882	你懂个ber	0.000000	0.000000	[18]	第一次尝试了下网球	1.0	2.0	34914	231.0
133	42603884	守护天使梦	0.000000	0.000000	[18]	有女孩子喜欢这种类型的日系男孩吗？	6.0	2.0	0	62.0
134	42602697	voliCD	0.000000	0.000000	[17, 18, 26]	对于咱LPL玩家来说，最荡气回肠的一场比赛你觉得是哪场？	85.0	2.0	17780,42709	417.0
135	42603850	虎扑篮球新闻	0.000000	0.000000	[18]	[流言板]纳什：我只需要安排杜兰特上场，然后好事情就会发生	502.0	2.0	29088,32044	384.0
136	42607453	虎扑JR0001884605	0.000000	0.000000	[18]	RNG的8场MSI比赛全是深夜档 打工仔深夜加班？	85.0	2.0	42967,42791	21.0
137	42608358	天选塔姆	0.000000	0.000000	[18]	英雄联盟中有哪些皮肤是质量差但很稀有？	85.0	2.0	21709,19567	29.0
138	42602323	城之蓝	0.000000	0.000000	[34]	如果，是如果，决赛，欧冠曼城vs切尔西，欧联曼联vs阿森纳，是不是有点单调？	184.0	1.0	39521,22051,23957,19031,39787,20317	132.0
139	42612044	丶聪明君	0.000000	0.000000	[34]	急，各位大哥帮我看一下	278.0	2.0	0	49.0
140	42607780	新的开始WY	0.000000	0.000000	[18]	如何评价内地导演管虎?	60.0	2.0	35829,23131	197.0
141	42602818	望春吉诺比利	0.000000	0.000000	[18, 34]	[發]XDM 我哥们新开的麻将馆什么水平？	3.0	2.0	0	179.0
142	42611842	NaThAn_71	0.000000	0.000000	[34]	本田用心做的发动机，水平确实还是高啊。	278.0	1.0	36193,33881	23.0
143	42604793	小华711	0.000000	0.000000	[18]	杨超越五月行程图	59.0	2.0	18248	96.0
144	42609503	四地明	0.000000	0.000000	[34]	25岁，工资啥水平	10.0	2.0	37635	139.0
145	42610773	肯达尔詹娜的苦瓜精	0.000000	0.000000	[34]	以上路开过捷尼赛思，关于g80或者gv80大家有什么想问的？	278.0	2.0	192193	71.0
146	42608413	山猫体育资讯	0.000000	0.000000	[34]	都叫小波特 火箭小波特和掘金小波特哪个上限更高？	177.0	2.0	22469,37514	153.0
147	42604308	用户1963025589	0.000000	0.000000	[18]	杜兰特13年为什么没拿到得分王	177.0	1.0	39404,32044	224.0
148	42601967	upgodbili幫	0.000000	0.000000	[18]	不懂就问，北京深圳上海杭州，哪个互联网更强？	1.0	1.0	42944,42772,42821,42727,31503	441.0
149	42606610	虎扑篮球新闻	0.000000	0.000000	[34]	[流言板]伍德：我和波特都能成基石球员，我们会成为其他球队的麻烦	502.0	2.0	40802,22473	356.0
150	42610586	TIGA之地	0.000000	0.000000	[34]	真的有人觉得诸葛亮的权力比张居正大吗？	12.0	1.0	31746,43519	26.0
151	42605652	取个拉风的昵称覺	0.000000	0.000000	[18]	jrs，女生眼中是只有两个游戏吗？	1.0	2.0	42684	187.0
152	42604840	虎扑宋仲基	0.000000	0.000000	[18]	库里带队到底什么水平	177.0	1.0	38576	275.0
153	42610014	LeoCobraaa747	0.000000	0.000000	[34]	自己折腾了小半年的装修，不知道什么水平	13.0	2.0	43171	101.0
154	42608836	浪了乐了	0.000000	0.000000	[34]	各位舞蹈爱好者，来看看昨晚总决赛魅力四射的啦啦队吧！	173.0	2.0	0	30.0
155	42610134	看看好不好哦哦	0.000000	0.000000	[34]	究竟是什么人能开得起这辆车哈	278.0	2.0	0	71.0
156	42600793	FFFFFF4AM	0.000000	0.000000	[18]	除了虎扑还是什么适合摸鱼的吗	1.0	2.0	40220	1005.0
157	42601232	想和你一起拉粑粑	0.000000	0.000000	[18]	朋友的刀妹高地1v5	85.0	3.0	36459,24555	130.0
158	42609791	蜗壳不来恩特	0.000000	0.000000	[34]	坐顺风车被大货车追尾毫发无伤，真的感恩上天	278.0	2.0	19496	42.0
159	42601354	我是正经人orz	0.000000	0.000000	[18, 26]	震惊！PGG战队随队出征MSI的替补辅助选手DSN，竟是一位女选手！	85.0	2.0	327125,306998,35588,26406,42790,42967,27085	39.0
160	42604088	垮起个小狗批脸	0.000000	0.000000	[18]	男朋友太乖了，真好！	6.0	2.0	18952	134.0
161	42614698	重庆彭于晏胡歌	0.000000	0.000000	[34]	真是什么人才都有	30.0	3.0	0	9.0
162	42601928	极杜年华似水	0.000000	0.000000	[18, 34]	毕业一年，给家人全换了手机	294.0	2.0	39465	194.0
163	42603375	虎扑篮球新闻	0.000000	0.000000	[17]	[流言板]杜兰特成篮网队史首位62%以上命中率砍下40+10的球员	502.0	2.0	23124,32044	388.0
164	42607214	犯二神经病	0.000000	0.000000	[34]	广东队最后防守为何放辽宁队赵继伟投三分却防两分？	173.0	2.0	28183	132.0
165	42603962	哈哈南南	0.000000	0.000000	[18]	盲盒机票开到往返了！xdm	1.0	2.0	0	111.0
166	42601081	艾弗森去报警	0.000000	0.000000	[17, 18]	现在有什么主播梗比本人火的？	85.0	2.0	0	144.0
167	42608262	新的开始WY	0.000000	0.000000	[34]	地表最强6缸车——玛莎拉蒂MC20亮相上海车展	278.0	2.0	42944,22421,37562	72.0
168	42608372	uniqued	0.000000	0.000000	[34]	蔚来(NIO.US)Q1净亏损达48.75亿元远超预期，交付量20060辆	278.0	1.0	199062,43053	45.0
169	42602631	大湾区之虎曹达华	0.000000	0.000000	[18]	实在不知道她怎么想的	6.0	2.0	0	134.0
170	42605184	贪睡鹤	0.000000	0.000000	[34]	高清动图，看最后周鹏是否对郭艾伦犯规	173.0	2.0	27137,28036	145.0
171	42601794	k3	0.000000	0.000000	[18]	我妈进传销了 求大伙支个招	1.0	2.0	0	169.0
172	42600075	余半仙的爸爸	0.000000	0.000000	[18]	有一个一起看张嘉文的女朋友是什么体验？	85.0	2.0	32836,27063	41.0
173	42609962	scheyla	0.000000	0.000000	[34]	姚安娜好看吗	294.0	2.0	187339	60.0
174	42602391	扔牙套竖中指666	0.000000	0.000000	[18]	16中11，杜兰特为什么可以这么准	177.0	1.0	32044	177.0
175	42606105	张益达5488	0.000000	0.000000	[34]	不戴口罩照片	173.0	2.0	0	95.0
176	42598834	pix1z	0.000000	0.000000	[17, 18]	什么英雄能对线打过狗头啊？	85.0	2.0	25844,51881	272.0
177	42604675	虎扑篮球新闻	0.000000	0.000000	[18, 34]	[赛后]雄鹿136-142火箭，霍勒迪29分10助4冒，凯文-波特50分5板11助	177.0	1.0	37252,22647,22473,37514	470.0
178	42600411	Talk_ing	0.000000	0.000000	[17, 18]	我是不是匹配到阿水了。。。	85.0	2.0	39974	76.0
179	42602718	沃兰德里塔	0.000000	0.000000	[18]	有一说一，张一山是不是90后演员里演技最不行的，甚至不如他兄弟嘎子	60.0	2.0	20515,40069,20158	185.0
180	42608480	一只好奇的猫	0.000000	0.000000	[18]	女朋友这样子，还能要吗？	6.0	2.0	32836	102.0
181	42607783	spanish_l	0.000000	0.000000	[34]	手持华为P40P，真是白瞎了伊犁这么美的星空和日落	294.0	2.0	25682,56026	76.0
182	42609580	普通且自信QAQ	0.000000	0.000000	[34]	小米手机怎么了？	294.0	2.0	39465,29564	30.0
183	42604292	虎扑热点资讯	0.000000	0.000000	[18]	疑似韩东君与陈瑶恋情曝光！	59.0	2.0	23605,34984	129.0
184	42592455	牛牛要炸啦	0.000000	0.000000	[18]	看看大伙儿在迪士尼中是什么样子	85.0	2.0	20842	264.0
185	42603529	疯狂伊文戴德蒙	0.000000	0.000000	[18]	自己的前女友跟自己的好友/舍友/兄弟/铁哥们在一起了是什么体验?	6.0	2.0	39217	109.0
186	42605148	黑乎乎嘎嘎嘎	0.000000	0.000000	[17]	测试服改动：惩戒改成全等级固定伤害	85.0	2.0	22850,25114,38394	95.0
187	42598906	虎扑JR1609386696	0.000000	0.000000	[17]	还有半年，TES的Knight就是自由身了	85.0	1.0	43130	184.0
188	42603266	adsk2009	0.000000	0.000000	[34]	雷克萨斯挑战bba失败，特斯拉成功了	278.0	2.0	36755,38071	212.0
189	42608957	叫我阿球就好	0.000000	0.000000	[34]	勇士究竟是不是怀斯曼的问题？	177.0	2.0	32020,18294	49.0
190	42600871	Contiflyaway	0.000000	0.000000	[17, 26]	Doinb排到AD演员又，最后看到要赢了，AD在家挂机，中路和打野高地前二打四赢了	85.0	1.0	42659,42648,24555,42636,18926	72.0
191	42606088	虎扑篮球新闻	0.000000	0.000000	[18]	[流言板]杜兰特砍下生涯第57次40+，现役仅次于哈登和詹姆斯	502.0	2.0	23970,38919,32044,29071	429.0
192	42601893	球爹南波丸	0.000000	0.000000	[34]	老一辈人是真的不认可国产品牌啊	278.0	1.0	0	304.0
193	42608330	Harryoooo	0.000000	0.000000	[34]	要离职然后公司挽留，该不该留	10.0	1.0	39567	35.0
194	42601118	乐常在	0.000000	0.000000	[18]	拿出你手机里最有气质的图片	1.0	2.0	0	274.0
195	42599187	南瓜先森	0.000000	0.000000	[18]	各位马克高玩过来看看	88.0	3.0	18044	76.0
196	42603360	路飞vs卡二	0.000000	0.000000	[18]	曼联也强了吧，感觉完全是欧冠八强水平。	184.0	1.0	23957,20317	81.0
197	42608074	虎扑JR1968171198	0.000000	0.000000	[34]	考研教室穿无袖背心合适吗	11.0	1.0	32566,19743	61.0
198	42606954	指环王比尔	0.000000	0.000000	[34]	公考这面试进的一点也不激动	10.0	2.0	16083,32491	119.0
199	42608236	虎扑JR0348069123	0.000000	0.000000	[34]	兄弟们，对不起	294.0	2.0	0	55.0
200	42600464	周公瑾666	0.000000	0.000000	[18]	可怜的瓜妹已经10天没直播了	88.0	1.0	0	154.0
201	42602659	我萌库不射三了	0.000000	0.000000	[18]	关于美测试服对打野的改动	85.0	2.0	0	51.0
202	42608780	小将Terry	0.000000	0.000000	[34]	看雍正王朝有感，摊丁入亩是清朝最伟大的一项国策。	12.0	1.0	28281,44459,25675	26.0
203	42603754	硕博圈	0.000000	0.000000	[18]	35岁破格晋升教授，41岁候选中国工程院院士！	1.0	1.0	24052,42734	47.0
204	42608402	Zion经纪人	0.000000	0.000000	[34]	沃尔沃和凯迪拉克内饰对比	278.0	2.0	19362,35963,37372	38.0
205	42601999	虎扑篮球新闻	0.000000	0.000000	[34]	[流言板]字母哥落地扭到右脚踝，本场比赛不会回归	502.0	2.0	21474	385.0
206	42603956	虎扑足球新闻	0.000000	0.000000	[34]	[流言板]欧足联编剧石锤！欧文大仙“四中三”欧冠欧联比分	184.0	2.0	22051,20115,23957,21991	28.0
207	42604746	虎扑热点资讯	0.000000	0.000000	[18]	今天是国际不打小孩日！JRs小时候被父母打过吗？	1.0	2.0	45261,24958	68.0
208	42600950	张扬吾儿占我名字	0.000000	0.000000	[18]	国服再不整治，游戏就臭了	85.0	1.0	42684,35358	79.0
209	42606541	山猫篮球直播	0.000000	0.000000	[34]	小波特今天砍下50分，火箭小波特和掘金小波特，这两个小波特哪个上限高?	177.0	2.0	22469,37514	88.0
210	42602869	voliCD	0.000000	0.000000	[17, 18, 26]	说到Ming的代表英雄你第一时间想到什么？	85.0	2.0	58035,25844	112.0
211	42604147	拉塞尔一一杜兰特	0.000000	0.000000	[18]	在一起开心	6.0	2.0	0	59.0
212	42604355	林大雕	0.000000	0.000000	[34]	三亚租车发生事故，车行要我提供停运费	278.0	2.0	19188,43398	95.0
213	42604178	其实我叫吴彦祖	0.000000	0.000000	[18]	白色boots如何回春？？？	255.0	2.0	60979,32295	148.0
214	42598306	吃瓜就硬吃	0.000000	0.000000	[17, 18]	靠谱电竞最新一期什么情况？	85.0	1.0	22044	65.0
215	42606785	nga曼殊沙华	0.000000	0.000000	[18]	【京东曼殊沙华】k40游戏增强版已到手，准备做个详细测评，各位有什么想知道的？	294.0	2.0	328196,82266	64.0
216	42602195	虎扑JR0498211692	0.000000	0.000000	[18]	再也不跟女朋友出去玩了，闹心	6.0	1.0	32836	174.0
217	42598180	邪见sama	0.000000	0.000000	[17, 18]	坏了，还真让西卡玩明白了，我看杨超越看着看着就觉得她像西卡，我是不是病了兄弟们	85.0	2.0	18248,32744	46.0
218	42602941	库里是人生理想	0.000000	0.000000	[18]	又菜又爱买皮肤怎么办	85.0	2.0	21709	108.0
219	42611446	虎扑篮球新闻	0.000000	0.000000	[34]	[流言板]伍德：这是一场复仇之战，让雄鹿知道他们不该放我走	502.0	2.0	40802,37252	154.0
220	42604266	少点谩骂多点理性讨论	0.000000	0.000000	[18, 26]	中单千珏？？Perkz的秘密武器？	85.0	2.0	22673,43717,23303,42878	28.0
221	42605122	能攻善守富尼耶	0.000000	0.000000	[17]	其实第六打鹿不是坏事	128.0	1.0	0	78.0
222	42604481	虎扑JR0682232755	0.000000	0.000000	[18]	不当模特可惜了！红军门将卡里乌斯最新帅照	184.0	2.0	26617,16895	32.0
223	42606429	窮我一生	0.000000	0.000000	[18]	这种言论兄弟们怎么看？	6.0	2.0	0	33.0
224	42602789	voliCD	0.000000	0.000000	[17, 18]	有一说一，LOL里的最强位移你觉得是哪个？	85.0	2.0	42643,25997	110.0
225	42607514	现实生活就像一堆烂白菜	0.000000	0.000000	[34]	同志们谁能帮我看一下捡来的小猫咪是什么品种吗？看着不像狸花猫？谢谢大家了！	34.0	2.0	26319	23.0
226	42606972	虎扑JR1649763903	0.000000	0.000000	[34]	CBA裁判，超级高水平，这种球现场回放什么的都没有，有些判罚是真的看不懂	173.0	2.0	42647	47.0
227	42604584	阿森纳拉胯	0.000000	0.000000	[18, 34]	研究生阶段如何才能让自己最大的增值？	11.0	2.0	19564	109.0
228	42607481	后卫背打绝迹江湖	0.000000	0.000000	[34]	mate40稍微后悔没加价拿下了	294.0	2.0	81041,44702	33.0
229	42602440	ComedesGarcons	0.000000	0.000000	[17, 18]	看了两天左手的直播 现在是rank也开始迷了	85.0	2.0	35522	62.0
230	42607120	年轻人小杨	0.000000	0.000000	[34]	计算机调剂上岸了，我却开心不起来。	11.0	1.0	192049,16989	40.0
231	42599869	富尔茨十年老粉	0.000000	0.000000	[18, 26]	有些时候你真不知道你队友是在用什么玩LOL	85.0	2.0	42643,31647	24.0
232	42615017	ConHashMap	0.000000	0.000000	[34]	实习期被解雇了。。。我该怎么办	10.0	2.0	0	24.0
233	42603141	虎扑篮球新闻	0.000000	0.000000	[18]	[赛后]篮网130-113步行者，杜兰特42分3板10助，勒韦尔36分4板5助	177.0	1.0	23124,32044,26974	419.0
234	42598561	勇敢的Peter	0.000000	0.000000	[18]	家人们，还有什么高性价比皮肤推荐吗？	85.0	2.0	21709	99.0
235	42598596	虎扑JR0114326593	0.000000	0.000000	[17]	什么叫真正的版本弃子	88.0	2.0	42697	26.0
236	42615092	咪咕体育	0.000000	0.000000	[34]	一人一句话为自己的主队加油，限量赢取广东、辽宁球员亲笔签名照！	173.0	2.0	18579,43054	26.0
237	42600878	承渲的老公	0.000000	0.000000	[18]	Doinb直播遇演员 3打7赢了	85.0	2.0	42659	39.0
238	42604061	石子明	0.000000	0.000000	[18]	老婆给了提示，10分钟后我懂了	1.0	2.0	42706	44.0
239	42602180	虎扑JR0858781754	0.000000	0.000000	[18]	这张图是什么水平？	1.0	2.0	0	81.0
240	42615300	教授爱踢球	0.000000	0.000000	[34]	大家觉得最近20年，最悲剧的所谓强队是？	184.0	1.0	0	17.0
241	42598478	让乌云遮住	0.000000	0.000000	[17, 18]	不谈其他，只谈操作，S3的faker和S8的the shy,谁更离谱	85.0	1.0	42999,43103,42703	57.0
242	42614875	绿到最后一无所有	0.000000	0.000000	[34]	最新款iPad pro，5月22交货	294.0	2.0	15619,42947	32.0
243	42601369	Quite丶boy丶cy	0.000000	0.000000	[18]	五一半价活动 皮肤鉴赏——战斗学院 杰斯	85.0	2.0	38684,21709	51.0
244	42614744	虎扑JR1161466756	0.000000	0.000000	[17]	丢脸，斗鱼中韩比赛被韩国侮辱呵呵	85.0	1.0	23491,43016	11.0
245	42614520	虎扑JR0682232755	0.000000	0.000000	[34]	对巴黎感到失望，内马尔寻求离队	184.0	2.0	37257,29485	14.0
246	42614568	涩谷子007	0.000000	0.000000	[34]	红米K40 12+256上手体验	294.0	2.0	16345,82266	26.0
247	42604943	虎扑篮球新闻	0.000000	0.000000	[18]	[赛后]勇士114-126森林狼，库里37分6板8助，卢比奥26分6板6助	177.0	1.0	38576,32020,23332,23739	425.0
248	42604169	李元浩的正牌女友	0.000000	0.000000	[18, 26]	为什么17年洲际赛LPL能以下克上，18年亚运会能夺冠	85.0	1.0	42709	26.0
249	42614663	虎扑JR1026063315	0.000000	0.000000	[34]	第一批ipad刻字版发货时间	294.0	2.0	15619	20.0
250	42602226	咪咕体育	0.000000	0.000000	[34]	【CBA总决赛】李雪琴社交媒体喊话赵继伟赔腿！我的手也拍红了，要不然一起	173.0	2.0	42647,28183,42687	72.0
251	42614909	Rosie朴彩英基地	0.000000	0.000000	[34]	你们觉得梅西最后会去美国踢球吗	184.0	2.0	26946,42859	9.0
252	42599734	益达呢	0.000000	0.000000	[18]	兄弟们，抢7了，win or go home	85.0	2.0	0	42.0
253	42602287	hongjin1111	0.000000	0.000000	[18]	外环高速亲眼目睹怒怼加塞，大快人心	278.0	2.0	0	137.0
254	42604751	我永远最喜欢小木曾雪菜	0.000000	0.000000	[18]	大乱斗如果你的队友选了4个poke英雄	85.0	2.0	15876,25844,31647	47.0
255	42615046	东莞死神杜兰特	0.000000	0.000000	[34]	兄弟们这是什么车啊	278.0	2.0	0	4.0
256	42614466	做好自己fight	0.000000	0.000000	[34]	这样还行嘛，小弟大二	11.0	2.0	0	9.0
257	42615010	rocklee311	0.000000	0.000000	[34]	女孩子买车好看就行了！	278.0	2.0	0	4.0
258	42602337	我亲妹妹被打	0.000000	0.000000	[34]	假如你年少有为不自卑。	30.0	3.0	0	48.0
259	42606122	隔壁小ww	0.000000	0.000000	[34]	登哥和登哥球迷现在有什么想说的嘛	135.0	2.0	0	33.0
260	42600943	For丨Kobe	0.000000	0.000000	[17, 18]	瑞兹这个皮肤好用吗	85.0	2.0	23636,21709	31.0
261	42608083	虎扑篮球新闻	0.000000	0.000000	[34]	[流言板]周琦晒丁彦雨航会面照：伺候老板	173.0	2.0	27701,19503	118.0
262	42614342	半乐	0.000000	0.000000	[34]	晦气，很久没有开摩托车了，在乡道晚上，撞车了，这车主，来听我说，傻得无可救	278.0	2.0	0	16.0
263	42602735	voliCD	0.000000	0.000000	[18]	疯狂Gank，说到“世一抓”你觉得哪些选手能被提名？	85.0	2.0	27085	24.0
264	42604023	虎扑JR1234847111	0.000000	0.000000	[18]	与人民电竞对话，藤井联盟生态负责人这样回应Bo事件	85.0	2.0	48148,18756,22044	35.0
265	42605831	做个开心的小辣鸡	0.000000	0.000000	[18]	还有23天结婚，我想放弃了	6.0	2.0	0	28.0
266	42605861	逍客车主	0.000000	0.000000	[34]	假如福特EVOS是国产车，早就被吹爆了吧？	278.0	2.0	28304,16303	33.0
267	42606073	我火有个阿金萨	0.000000	0.000000	[34]	马克思经理比莫雷负责多了，蔡老板也比费帝格局高得多	135.0	1.0	45975,24526	21.0
268	42599329	林恩森凯	0.000000	0.000000	[18]	表现而论 ig在s8世界赛上谁是老二冠军	85.0	1.0	24859,42700,43007	23.0
269	42603618	为什么要这样子嗷	0.000000	0.000000	[18]	孙悟空哪个皮肤最好兄弟们！！！	85.0	2.0	35188,21709	85.0
270	42603612	带薪评论	0.000000	0.000000	[17]	排位一波操作自己以为好秀，但看了回放却高兴不起来了	85.0	1.0	22812	42.0
271	42591628	LONGMystic	0.000000	0.000000	[17, 18, 26]	盘点历届MSI，哪届最精彩？	85.0	2.0	42967	221.0
272	42604399	虎扑JR1043519018	0.000000	0.000000	[18]	火箭森林狼不要状元了？	177.0	2.0	23332,37514	45.0
273	42601256	兔哥兔哥	0.000000	0.000000	[18]	【兔哥的一天】今天送了360个兔子，挣了447块钱	1.0	2.0	0	46.0
274	42613154	不打能赢一打就输	0.000000	0.000000	[34]	一直不懂“豪门”的定义是什么？	184.0	1.0	0	31.0
275	42611222	虎扑篮球新闻	0.000000	0.000000	[34]	[流言板]全运会男篮U19组预赛：浙江六战全胜，锁定U19组决赛资格	173.0	2.0	42748,35389	21.0
276	42603292	大睿智	0.000000	0.000000	[17]	历史不能重来，我凯近十年最可惜的一次招募	128.0	1.0	0	45.0
277	42614178	棒棒糖行哥	0.000000	0.000000	[17]	【直播】TheShy这个小地图也太秀了吧，不但挡了地图还有个性签名	85.0	3.0	42880,36635	8.0
278	42604067	左右为篮队长	0.000000	0.000000	[34]	郭艾伦哭了，胡明轩妈妈也哭了，总决赛打成这样，不哭都不行了...	173.0	2.0	28036,32632	23.0
279	42612078	十六叶	0.000000	0.000000	[17]	五一皮肤交作业了	85.0	2.0	21709	6.0
280	42601855	GGhouston	0.000000	0.000000	[18]	当你知道前女友有了新的男朋友的时候，会是怎么样？	1.0	1.0	39217,18952	106.0
281	42604087	湖侃篮球	0.000000	0.000000	[17]	湖人处境尴尬就是浓眉和庄神的双塔组合问题	127.0	2.0	36339,31817	22.0
282	42602956	老虎身上插翅膀	0.000000	0.000000	[34]	9350！广东vs辽宁，终极对决的门票!多少人一个月的工资都不够买张票的。	173.0	2.0	18579,43054	34.0
283	42602945	求求你进一个吧	0.000000	0.000000	[18]	既然可以人工降雨，那可以人工停雨吗	1.0	1.0	0	35.0
284	42614077	Cabun	0.000000	0.000000	[34]	325li曜夜提车	278.0	2.0	0	17.0
285	42594487	芹菜炒肉yyds	0.000000	0.000000	[17, 18]	经典回顾，怎么评价这件装备？	85.0	2.0	17176	194.0
286	42613916	菜鸟强看数码	0.000000	0.000000	[34]	华为P50原来长这样！那么荣耀50也就	294.0	2.0	79265,25682,29811	14.0
287	42602045	看图急先锋	0.000000	0.000000	[18]	总经理，总裁，董事长，董事局主席，ceo，创始人，到底哪个大？	1.0	1.0	328052,54102	46.0
288	42614162	是安达啊	0.000000	0.000000	[34]	应届生刚入职实习程序员，应该穿什么呀	10.0	2.0	38926	25.0
289	42610791	虎扑篮球新闻	0.000000	0.000000	[17]	[流言板]霍里：我希望看到沃格尔缩减轮换，这能让球员有更好的节奏	127.0	2.0	27747,18038	26.0
290	42602654	Menco	0.000000	0.000000	[34]	硕士跟着导师继续干有好处吗？	10.0	2.0	27101,44111	32.0
291	42581001	Rosebay小霸王	0.000000	0.000000	[17, 18]	拳头就是这么一副B样子，教人玩游戏	85.0	2.0	16267	191.0
292	42613733	保持神秘感Y	0.000000	0.000000	[34]	公务员过了面试之后可以不去吗…	10.0	2.0	18308,32491	13.0
293	42582186	逆风输出是这么傻	0.000000	0.000000	[17, 18]	真有人给狗起名卡子哥啊	85.0	2.0	0	71.0
294	42583706	voliCD	0.000000	0.000000	[17]	骆歆不甘心最后一次尝试COS，大家看出来COS了啥吗？	85.0	2.0	43266,53016	132.0
295	42586228	Akarichou	0.000000	0.000000	[17, 18, 26]	为什么msc含金量比msi低	85.0	1.0	43991,42967	206.0
296	42613556	林少永乐	0.000000	0.000000	[34]	全运U19男蓝曾凡博出场23分钟27分6板3帽北京88比83胜四川	173.0	2.0	42772,43383,34791	9.0
297	42587325	菲比沃勒布里奇	0.000000	0.000000	[17, 18]	家人们假如你是letme你会不会和打野双人成行啊？	85.0	3.0	43653	222.0
298	42601345	王师傅精益求精	0.000000	0.000000	[18]	郭德纲究竟有没有收曹云金的学费？	59.0	2.0	32609,28294	38.0
299	42613257	Molaik	0.000000	0.000000	[34]	jr们 这回有几分 换了个发型！	3.0	2.0	43688	27.0
300	42601821	o北派四叔o	0.000000	0.000000	[18]	精装房卫生间马桶边没有插座怎么处理	13.0	1.0	38521,47290,39983	31.0
301	42601880	叶三公子	0.000000	0.000000	[34]	前一段阿的江的女儿，今天又成了胡明轩的妈妈，尔等都是曹贼	173.0	2.0	32632,17499	31.0
302	42574179	龙的传人cc	0.000000	0.000000	[17, 18, 26]	LOL：EDG上单真要换人了，阿布谈圣枪哥认知不够，正在考虑新人	85.0	2.0	42643,22537,34842,43420,43742	217.0
303	42605356	虎扑篮球新闻	0.000000	0.000000	[34]	[流言板]塞拉斯赞小凯文-波特：我今晚为那个孩子感到非常骄傲	502.0	2.0	22473	147.0
304	42613300	evade000	0.000000	0.000000	[34]	突发！曾凡博受伤	173.0	1.0	34791	17.0
305	42613046	杭州大铁拳	0.000000	0.000000	[34]	24岁第一辆全款宝马5系，全靠自己，没问父母要一分，判了十五年。	278.0	2.0	30390	10.0
306	42589590	小伙还很嫩	0.000000	0.000000	[18, 26]	LPL中单谁能跟Showmaker碰一下	85.0	1.0	22673,42709,293027	132.0
307	42560455	德国boy	0.000000	0.000000	[17, 18]	问个全华班的问题	85.0	1.0	0	162.0
308	42612721	虎扑JR1060150589	0.000000	0.000000	[34]	水一贴，IQOO NEO5活力版	294.0	2.0	43669	10.0
309	42609125	联盟档案室	0.000000	0.000000	[17]	Gala:天道酬勤 LPL最勤奋的选手	85.0	2.0	42791,48184	6.0
310	42600673	虾仁豆付	0.000000	0.000000	[34]	我知道你们要说啥…	30.0	3.0	0	28.0
311	42612472	桥不安和	0.000000	0.000000	[34]	研究生新生想换个电脑，有什么推荐吗？	11.0	1.0	19858	23.0
312	42612742	是大忽悠啊	0.000000	0.000000	[34]	iPhone屏幕开胶	294.0	2.0	15617,17812	5.0
313	42610456	虎扑足球新闻	0.000000	0.000000	[34]	[流言板]西甲第34轮前瞻：争冠球队遭遇硬仗，联赛进入最终倒计时	195.0	2.0	29408	3.0
314	42606098	虎扑JR1783521892	0.000000	0.000000	[18]	家里网络为什么会有网吧全英雄免费的标志	85.0	2.0	0	3.0
315	42612552	虎扑JR1097407142	0.000000	0.000000	[34]	这个球是不是走步了啊	173.0	2.0	32745	14.0
316	42612447	虎扑JR1440669044	0.000000	0.000000	[34]	这车太硬了，到底是啥车	278.0	2.0	0	9.0
317	42568685	一位不愿意透露姓名的粉丝	0.000000	0.000000	[17]	有没有发现，最近几年出的英雄很少叫外号，基本都是叫名字的居多了	85.0	1.0	25844	157.0
318	42611971	油炸大瞎	0.000000	0.000000	[34]	offer选择：一线城市民营建筑设计院or某二线城市燃气国企	10.0	1.0	26179	42.0
319	42612364	虎扑JR1284234946	0.000000	0.000000	[34]	事业单位进面不知道该不该报班	10.0	2.0	17521	7.0
320	42576410	猪皮香油怪	0.000000	0.000000	[17]	灵隐寺求姻缘，阿水是不是已经社死了	85.0	2.0	39974	76.0
321	42588828	没有感情的杀手猪	0.000000	0.000000	[17, 26]	有一说一，这首歌是不是一代目梗或者圣经之一？	85.0	2.0	0	96.0
322	42612317	ChrisDar	0.000000	0.000000	[34]	郑州西区看房记录4	13.0	2.0	43766	13.0
323	42568232	汉中王_关羽	0.000000	0.000000	[18, 26]	韩援的影响力其实是一直在慢慢下降的	85.0	1.0	0	129.0
324	42585861	王洪宇和张思成	0.000000	0.000000	[17, 18, 26]	兄弟们这个是什么意思？	85.0	2.0	0	70.0
325	42612288	fallman	0.000000	0.000000	[34]	红米K40前置摄像头都有这个设计硬伤吗	294.0	2.0	16345,82266	7.0
326	42584526	断剑残阳	0.000000	0.000000	[17]	[虎扑评测团]NieR Replicant：人工生命的孤帆远影，破碎世界的前尘往事	86.0	2.0	179761,40220,42765	46.0
327	42611785	LBJ丶7	0.000000	0.000000	[34]	福建省考招5排9 面试有机会翻吗	10.0	2.0	43233	38.0
328	42612118	我是小星辰	0.000000	0.000000	[34]	咸鱼上这种人可信不？	294.0	2.0	33315	8.0
329	42556625	ibeat_juve	0.000000	0.000000	[18]	台服低成本cos补充图	85.0	2.0	43266,25078	31.0
330	42596879	piaolaoshi	0.000000	0.000000	[17, 18]	什么好打对抗路达摩？	85.0	1.0	24212	115.0
331	42600664	虾仁豆付	0.000000	0.000000	[34]	技高一筹！	30.0	3.0	0	31.0
332	42573201	诺克萨斯之盾	0.000000	0.000000	[26]	什么英雄能克制佐伊？？？	85.0	1.0	25844,23966	164.0
333	42558295	重度拖延大王	0.000000	0.000000	[17, 18]	战马这句话是否意味深长？	85.0	2.0	30551	152.0
334	42611819	无所谓惧qwq	0.000000	0.000000	[34]	realme gt neo和iqoo z3怎么选	294.0	2.0	199683,43669,44022	7.0
335	42582023	海棠边的小仙人	0.000000	0.000000	[17, 18]	【考古视频】369：RNG的说要把我骰子打碎	85.0	3.0	42791,53278	30.0
336	42584087	一位不愿意透露姓名的粉丝	0.000000	0.000000	[17]	为什么腾讯从来都不打算治理国服演员与代练的行为吗	85.0	1.0	43032,35358	130.0
337	42577106	谁还不是个废物呢	0.000000	0.000000	[17, 18, 26]	lol为啥没有黑人选手	85.0	2.0	42643,27085	117.0
338	42611240	宋祖儿的圈外男友	0.000000	0.000000	[34]	裸猫预算最多1000，能买到什么猫猫，好养活的	34.0	1.0	43149	35.0
339	42572032	虎扑JR0611017158	0.000000	0.000000	[17]	还有人记得英雄联盟，改版英雄以前的台词吗？	85.0	2.0	25844,19567	122.0
340	42560189	voliCD	0.000000	0.000000	[18]	感觉太瘦了，哪些选手你觉得需要增肥？	85.0	2.0	56250	76.0
341	42611265	想要350	0.000000	0.000000	[34]	不懂就问，土木博士同时被西建大和福州大学录取了，去哪个，	11.0	2.0	34194,32691,142182	21.0
342	42584908	Sean_94	0.000000	0.000000	[26]	最近赛娜的帖子蛮多，聊聊辅助赛娜常见的三种天赋出装	85.0	1.0	26520	73.0
343	42556670	虎扑JR0743546946	0.000000	0.000000	[26]	云玩家鉴定装备，萌动眼石有多少人不知道机制？	85.0	2.0	17176	122.0
344	42576242	深情不及久伴蜂鸟大老师	0.000000	0.000000	[17, 18, 26]	LPL历史上有没有几乎零差评的选手？	85.0	2.0	42709,27085	225.0
345	42559183	萌库哇咔咔	0.000000	0.000000	[17]	刷野不虚莫甘娜，carry能力更强，皎月打野才是这版本真正的答案？	85.0	2.0	24721,43124,42648,42697,29469,326091	79.0
346	42590753	我就是inevitable	0.000000	0.000000	[17]	理性分析，letme是怎么一步一步把自己玩崩然后甩锅打野的	85.0	2.0	43653	54.0
347	42563818	寻你一缕残香	0.000000	0.000000	[17, 26]	关于RNG为什么嗯往北飞有必要科普一下竖版世界地图	85.0	2.0	42791,58494	50.0
348	42561892	镜泊湖宁心	0.000000	0.000000	[17]	按我的排名方式，今年许秀如果夺得msi，能不能超过皇冠，成为历史第三中单？	85.0	1.0	22673,42967,23719,42921,62831	113.0
349	42571235	虎扑JR1135651735	0.000000	0.000000	[17]	肉赵云真的强	88.0	2.0	28527	62.0
350	42610397	流剑飞	0.000000	0.000000	[34]	第一次带两岁娃坐高铁	7.0	1.0	0	29.0
351	42588154	小然不开心	0.000000	0.000000	[18]	到底什么英雄好打诺手啊	85.0	1.0	25844	188.0
352	42586688	东非大裂开	0.000000	0.000000	[18]	Lwx Doinb双人成刑 笑到打鸣	85.0	2.0	42659,52056,327304	27.0
353	42584712	麦金白	0.000000	0.000000	[17]	盲僧皮肤推荐	85.0	2.0	29414,21709	94.0
354	42583673	voliCD	0.000000	0.000000	[18]	历史回顾四年前的今天：WE成为LPL联赛第6支新科冠军	85.0	2.0	42709,32631,43417,24859	68.0
355	42558517	贝尔我的	0.000000	0.000000	[17, 18]	觉得DK暴虐其他队伍的多少都有点幼稚	85.0	1.0	57169,25046	106.0
356	42559953	虎扑JR1852756677	0.000000	0.000000	[17]	说一下rng在msi的优劣势	85.0	2.0	42967,42791	114.0
357	42557898	少点谩骂多点理性讨论	0.000000	0.000000	[18]	[情报站]LCK官方发布春季赛五杀合集，Ghost两次上榜	85.0	2.0	24932,57129,43947,26716	97.0
358	42609939	老杜家的小迷弟	0.000000	0.000000	[34]	兄弟们，苹果12的续航顶不顶？	294.0	2.0	20091,37375	65.0
359	42582459	虎扑JR0035087621	0.000000	0.000000	[17, 18, 26]	这脑回路把我看笑了	85.0	2.0	0	55.0
360	42578531	丹琪同学	0.000000	0.000000	[18]	程咬金是不是版本最强坦克？	88.0	2.0	19831,42697,25582	51.0
361	42586411	并不重要	0.000000	0.000000	[17, 18]	这种人能惯着吗	85.0	1.0	0	50.0
362	42567904	高级律师胡阳光	0.000000	0.000000	[18]	你们觉得她多久能学会王者荣耀	88.0	2.0	28358	77.0
363	42609607	曾小贤他爹	0.000000	0.000000	[34]	兔宝宝板材大家有用过的帮忙看看价格，谢谢了	13.0	2.0	84114	31.0
364	42593301	dfsrain	0.000000	0.000000	[18]	LOL里安妮这个英雄是否已经被淘汰了	85.0	1.0	42643,25844,24990	48.0
365	42560150	萌哒哒瓦力	0.000000	0.000000	[17]	彩旗卡特这波操作什么水平，地球上卡特天花板不为过把	85.0	3.0	17528,159278	35.0
366	42595099	芹菜炒肉yyds	0.000000	0.000000	[17, 18]	不懂就问，这题答案应该是多少	85.0	2.0	0	53.0
367	42578705	元天上帝	0.000000	0.000000	[18, 26]	为什么各战队队员之间有些都玩得很好，就没见过有和edg队员玩的？	85.0	1.0	35892,26406,43420	36.0
368	42560172	voliCD	0.000000	0.000000	[17, 26]	大腿，你排位里匹配到的最强队友都是什么段位？	85.0	2.0	38555,22812,31647	65.0
369	42559954	轻拟	0.000000	0.000000	[17]	为什么人们喜欢全华班，不还是因为全华班的冠军他们夺不走吗？	85.0	1.0	24859	52.0
370	42565297	虎扑JR0952707987	0.000000	0.000000	[17]	“英雄联盟”“塔罗牌”新皮肤和原始绘画展示	85.0	2.0	138868,21709,19567	48.0
371	42573831	7LGaming电竞俱乐部	0.000000	0.000000	[18]	PDL 二阶段分组	93.0	2.0	0	75.0
372	42586928	小伙还很嫩	0.000000	0.000000	[18]	以下这几位打野选手里，谁的英雄池最深？	85.0	1.0	42648,27085	41.0
373	42586735	股票猛飞	0.000000	0.000000	[26]	当年的星际高手如果玩LOL， 最差的都不会太差吧？	85.0	1.0	42643,327387	61.0
374	42556548	范帕西	0.000000	0.000000	[18]	为什么RNG那组少了一个队，反而要多打两场？	85.0	1.0	42791	41.0
375	42588655	是哈登呀	0.000000	0.000000	[17, 18]	表面是加强肾，其实是加强……	85.0	2.0	0	53.0
376	42608951	乔莉雅	0.000000	0.000000	[34]	mate40pro周冬雨屏和三星屏肉眼可见的差距………	294.0	2.0	39364,40443	32.0
377	42590328	舞姿行不行	0.000000	0.000000	[26]	说knight不会玩支援型中单就离谱	85.0	2.0	22673,43375	38.0
378	42571861	沙口基地	0.000000	0.000000	[26]	两年前的今天 uzi拿到自己第一个冠军（第三场有亮点）	85.0	2.0	43174,24859	44.0
379	42589392	夜之森小红	0.000000	0.000000	[18]	有没有英雄名或皮肤名在改过之后备受好评？	85.0	2.0	25844,21709	36.0
380	42583597	少点谩骂多点理性讨论	0.000000	0.000000	[17, 18, 26]	MSI各战队选手排位概况，DK众人高效上分，Wei找到上分密码，Ming上分艰难	85.0	2.0	57169,58035,47926,26406,42967,22812,27085	34.0
381	42608854	一只柴犬	0.000000	0.000000	[34]	奔驰混动E350el有人了解吗？	278.0	2.0	23999	30.0
382	42578528	虎扑JR1296041836	0.000000	0.000000	[26]	韩服前十那个shenzhenshaoye是谁	85.0	2.0	25200	34.0
383	42589730	ONE丶OKWYKD	0.000000	0.000000	[18]	这样的荣誉可否超过faker？	85.0	1.0	34499,43103	41.0
384	42573079	太空人二	0.000000	0.000000	[26]	如何评价我的六边形战力	85.0	2.0	31404	67.0
385	42589582	Changiingy	0.000000	0.000000	[17]	为什么没有小恶魔转职会有7小恶魔啊？	508.0	2.0	21076	49.0
386	42581079	voliCD	0.000000	0.000000	[18, 26]	不懂就问，诺手玩家最想对线什么英雄？	85.0	2.0	17780,25844,20953	93.0
387	42560825	轻拟	0.000000	0.000000	[18]	有一说一，大乱斗能不能也整个排位啊？	85.0	1.0	15876,22812	63.0
388	42570432	虎扑JR1274946128	0.000000	0.000000	[17]	亚运会又不代表韩国LOL的全部实力，明年我们拿冠军概率本身就是很高的	85.0	1.0	42643,43016,43001,24859	43.0
389	42563629	加拿大电鳗快电我	0.000000	0.000000	[18]	卧槽兄弟们随缘一发钟离2命	706.0	2.0	0	30.0
390	42568912	丨陈丶	0.000000	0.000000	[18]	都把DK类比18KZ,难道不是16skt更像，s冠后上单被挖，msi遇rng	85.0	2.0	57169,42967,42791	23.0
391	42575043	fangpeng2004	0.000000	0.000000	[18]	如何评价莎莉的打野打韩队？	85.0	2.0	55922,42648	28.0
392	42570025	走在河边湿了脚	0.000000	0.000000	[17, 18]	还是想问一下jr们，EDG的上单芙兰朵是谁呀？	85.0	1.0	43420	23.0
393	42577417	sju	0.000000	0.000000	[18]	黄金晋级赛了xdm	85.0	2.0	0	24.0
394	42608152	他她它牠	0.000000	0.000000	[34]	迟到的提车贴，喜提c260（go ye la ji）	278.0	2.0	0	24.0
395	42572619	傲气面对万重浪	0.000000	0.000000	[17]	塞拉斯的故事挺有意思的	85.0	2.0	30300	22.0
396	42556599	天是蓝白城是红蓝	0.000000	0.000000	[18]	晚上遇到离谱玩家，破防了	85.0	2.0	17780	19.0
397	42599977	clearlove明恋	0.000000	0.000000	[18]	Nuguri亲自演示凯南皮肤回程	85.0	3.0	30310,207812,21709	13.0
398	42590997	7b8	0.000000	0.000000	[17, 18]	如果lol视野机制改成只能看到英雄前面的视野会怎么样?	85.0	1.0	28480,22930,42643,25844	24.0
399	42589512	Goyt	0.000000	0.000000	[26]	【MSI大预言家】MSI小组赛预测，参与竞猜赢Q币~将有神秘嘉宾助阵哦!	85.0	2.0	25380,42967	54.0
400	42606550	契诃夫挂住你	0.000000	0.000000	[18]	南京南站求助，南京家人进	1.0	2.0	43046	29.0
401	42602628	5lim5hady	0.000000	0.000000	[18]	xdm这几个哪个可冲？	85.0	2.0	0	50.0
402	42599467	乔老爷子手里的球	0.000000	0.000000	[18]	魔女刺太猛了，感觉会削	85.0	2.0	17620	30.0
403	42602676	勇士库骑士詹青春偶像	0.000000	0.000000	[18]	对于iG，参考RNG，乌兹走了RNG夺冠，下赛季iG夺冠Whynot？	85.0	1.0	42791,18586,42700,204253	15.0
404	42602587	方起鹤	0.000000	0.000000	[18]	明天就是五一了，想给别人老婆买身衣服，大家给推荐推荐	85.0	1.0	23767	35.0
405	42603404	虎扑JR0131530819	0.000000	0.000000	[18]	大伙，这是什么情况	85.0	2.0	0	15.0
406	42603920	黄yyyy	0.000000	0.000000	[18]	xdm，怎么回，在线等，挺急的！	6.0	2.0	0	14.0
407	42603750	永远都得跪着	0.000000	0.000000	[18]	昨天我还抱怨魅族18待机续航太差早上一醒我就惊呆了	294.0	2.0	42977,20091,33852	15.0
408	42573873	二狗小霖	0.000000	0.000000	[18]	莎莉这队伍总是犯同样的错误	85.0	2.0	55922,25046	30.0
409	42587285	天选塔姆	0.000000	0.000000	[18]	截图预测谁会在MSI中carry呢~	85.0	2.0	42967	33.0
410	42572213	虎扑JR2088932028	0.000000	0.000000	[17]	克隆模式10个塞拉斯是不是学大招没用	85.0	1.0	30300,37662	18.0
411	42600059	clearlove明恋	0.000000	0.000000	[17, 18]	厂长直播看恐怖片 懂得都懂～	85.0	2.0	28999,25118	18.0
412	42588003	PEL和平精英职业联赛	0.000000	0.000000	[26]	【竞猜】PEI冠军总积分能否突破240分？RNG战队能否获得一场胜利？	115.0	2.0	33313,51412,26406,42791,24859	143.0
413	42592509	只是撕破了一点大动脉而已	0.000000	0.000000	[18]	虎牙薄荷这个冰鸟太离谱了	85.0	1.0	21736,38602	14.0
414	42586006	RosieTsley	0.000000	0.000000	[18]	列出lol强力上单的荣誉，谁的成绩最有说服力？	85.0	1.0	42643,34499	16.0
415	42596849	虎扑JR0311919085	0.000000	0.000000	[17]	想问一下jr们人均收入多少，电竞岗位10K值得去吗	85.0	1.0	30653	16.0
416	42564202	大哥闯江湖	0.000000	0.000000	[18]	总有人不点确定，是什么鬼？	88.0	2.0	0	5.0
417	42598825	咪咕体育	0.000000	0.000000	[34, 24]	【独家对话】郭艾伦：被球迷高喊MVP触动流泪 那一刻真的放下了	173.0	1.0	28036,33611	205.0
418	42598484	虎扑篮球新闻	0.000000	0.000000	[34]	[流言板]杨鸣谈下一场生死战：我们没压力，已经完成任务	173.0	2.0	16814	723.0
419	42600408	蕾酱呀	0.000000	0.000000	[18]	每一个难熬的通宵班都是靠虎扑撑下去的	1.0	2.0	40220	370.0
420	42566157	夜深露重情更浓	0.000000	0.000000	[18]	个人浅见rng打DK提要	85.0	1.0	57169,42791	34.0
421	42599298	低调的低调1	0.000000	0.000000	[18, 34]	都说银行苦，我来说几句	10.0	2.0	33617	249.0
422	42600036	jasonmvp32	0.000000	0.000000	[34]	末代V8的情怀 时隔三年再提C63s	278.0	2.0	0	105.0
423	42568399	天选塔姆	0.000000	0.000000	[18]	天选塔姆：你觉得现在的LPL算不算是第一赛区？ ​​​​	85.0	2.0	20978,42709	15.0
424	42597203	睡醒了就去搞学习	0.000000	0.000000	[18]	跟前任和平分手后，是否有必要吃最后一顿散伙饭	6.0	2.0	26587	246.0
425	42598765	是真的帅没办法	0.000000	0.000000	[34]	[图集]郭艾伦赛后接受采访，眼眶湿润情绪激动	173.0	2.0	28036	323.0
426	42599728	是要记住哈登	0.000000	0.000000	[18]	兄弟们，这种情况怎么办	1.0	2.0	0	121.0
427	42599391	流川枫流川枫流川枫	0.000000	0.000000	[17, 18]	大学生活真的好孤独	1.0	2.0	0	210.0
428	42600035	高圆圆的网恋男友	0.000000	0.000000	[18]	为什么说一个人吃火锅是一件很孤独的事	1.0	2.0	0	203.0
429	42591698	虎扑热点资讯	0.000000	0.000000	[17, 18]	因垄断腾讯将被处以15.4亿美元罚款	1.0	2.0	43032	468.0
430	42591824	mamamia666	0.000000	0.000000	[18]	一线城市年薪35万，辞职来二线了，感觉挺香的…	1.0	2.0	0	472.0
431	42598370	咪咕体育	0.000000	0.000000	[34, 24]	【球星高光】一年级新秀已成辽篮大腿！张镇麟暴砍24分7板诠释中国男篮大有希望	173.0	1.0	36788,24249,35674	215.0
432	42572887	虎扑JR0322963068	0.000000	0.000000	[17]	rng醒醒啊	115.0	1.0	42791	23.0
433	42597956	虎扑篮球新闻	0.000000	0.000000	[34]	[流言板]杜锋：领先情况下背上包袱，年轻后卫交了学费	173.0	2.0	30362	468.0
434	42600223	运球运到地老天荒	0.000000	0.000000	[18]	知道大家的女朋友选了马修斯了，可以别发了吗	1.0	2.0	32836,27708	38.0
435	42592524	孙燕姿终于开演唱会啦	0.000000	0.000000	[18]	我室友这波什么水平？	1.0	2.0	0	248.0
436	42599991	代表形象的好昵称	0.000000	0.000000	[18]	约到同事姐姐了，睡不着了	1.0	2.0	0	66.0
437	42597332	卡梅伦艾弗森	0.000000	0.000000	[18]	奥迪A3L1000公里体验！	278.0	2.0	24021	109.0
438	42599693	mqayang	0.000000	0.000000	[34]	第二个手机求推荐	294.0	2.0	39465	89.0
439	42598327	龙123888	0.000000	0.000000	[17]	家人们一个月15000的工资真的不高嘛？有点怀疑自己了	1.0	2.0	37635	227.0
440	42599792	输多了就佛系了	0.000000	0.000000	[18]	刘志轩这个人真是个奇才	173.0	1.0	16735	52.0
441	42574350	轻拟	0.000000	0.000000	[18]	猴子说(真猴子不是假猴子):总算知道rng为什么没有冠军了	85.0	1.0	29825,42791,24859	4.0
442	42599380	马菲奥	0.000000	0.000000	[18]	为什么这些艺人出门不带保安？	59.0	2.0	24953	50.0
443	42594405	清水文娱	0.000000	0.000000	[18]	怎么看董明珠说的多给一万块没用？	1.0	2.0	27241	177.0
444	42596248	虎扑JR1030925031	0.000000	0.000000	[18]	我不信，你还有瓜	1.0	2.0	0	525.0
445	42599198	咪咕体育	0.000000	0.000000	[34]	【赛后声音】大赞郭艾伦赵继伟！张镇麟：总决赛心理辅导调整好心态	173.0	1.0	36788,28036,28183	156.0
446	42589680	徽羽	0.000000	0.000000	[18]	这个科一已过给我看傻了	1.0	2.0	0	299.0
447	42598230	虎扑篮球新闻	0.000000	0.000000	[34]	[流言板]胡明轩单场6抢断，并列CBA总决赛本土球员历史第四	173.0	2.0	42647,32632	301.0
448	42596329	虎扑热点资讯	0.000000	0.000000	[18, 34]	Redmi 商标被抢注，小米上诉失败，你怎么看？	294.0	2.0	51687,29564	82.0
449	42599612	耿辰	0.000000	0.000000	[34]	[相同岗位]公务员vs事业单位 相比较！	10.0	2.0	17521,18308,30653	37.0
450	42598145	NC建德观	0.000000	0.000000	[34]	第三场，广东的优势只剩下体能了	173.0	1.0	43054	50.0
451	42598487	凯尓登_约翰逊	0.000000	0.000000	[18]	点钞技能展示，谁才是王者？	2.0	3.0	39584,20118	65.0
452	42598419	GlassKobe	0.000000	0.000000	[34]	房子装修进展了一大步，大家看看怎么样	13.0	2.0	43171,22519	72.0
453	42596683	拓荒直接开冲	0.000000	0.000000	[18]	取个这样的媳妇需要注意什么	1.0	2.0	42669	77.0
454	42598951	永远科密YOU	0.000000	0.000000	[34]	CBA裁判有待提高业务水平，能力差了点	173.0	2.0	42647	106.0
455	42592172	重磅姐	0.000000	0.000000	[18]	46岁林志玲最新照片来啦，与老公上杂志封面	60.0	2.0	35859,35463	165.0
456	42596461	zmyymr	0.000000	0.000000	[34]	失控和吃饭一样天天都会有的	278.0	2.0	0	68.0
457	42597684	雷军啥时候投资我的梦想	0.000000	0.000000	[18]	巅峰期成龙能打得过库里吗	177.0	2.0	38576,16809	51.0
458	42598582	ATM青年军	0.000000	0.000000	[34]	都别给我粤球员开会！	173.0	2.0	0	21.0
459	42598936	咪咕体育	0.000000	0.000000	[34]	【独家对话】赵继伟：三分扳平很幸运 很高兴郭艾伦能找回自己	173.0	1.0	28036,28183	185.0
460	42595825	我真的有点花	0.000000	0.000000	[18]	郭杰瑞刚发的视频，送快递还要小费，在想桃子吧	1.0	2.0	31171	94.0
461	42599070	宏民	0.000000	0.000000	[34]	国美黄光裕出来以后的第一个大项目，居然盯上了装修行业	13.0	2.0	20881,43171	31.0
462	42591094	虎扑热点资讯	0.000000	0.000000	[17]	中国曲协倡议坚决抵制恶俗粗劣相声表演	60.0	2.0	42734	395.0
463	42588290	晨光小肥仔	0.000000	0.000000	[18]	当年背到崩溃，如今慢慢遗忘的古文。	12.0	2.0	81600	341.0
464	42596033	生活打不死的那个男人	0.000000	0.000000	[26]	活到27才发现，最后小丑原来竟是我自己	1.0	2.0	0	53.0
465	42590402	MOTHER法克儿	0.000000	0.000000	[18]	终究是她输了	6.0	2.0	0	145.0
466	42591200	PoisonousAn	0.000000	0.000000	[18]	用四个字形容你的长相。	1.0	2.0	0	513.0
467	42596998	虎扑JR1814803312	0.000000	0.000000	[18]	恋爱一周年礼物送女朋友钱包，怎么样	6.0	1.0	32836	44.0
468	42592878	真猪奶茶半糖去冰	0.000000	0.000000	[18]	在职考公进面，却去不了面试	10.0	2.0	32491	212.0
469	42598247	虎扑篮球新闻	0.000000	0.000000	[34]	[流言板]郭艾伦赛后更博：老了，容易感动，谢谢大家！	173.0	2.0	28036	348.0
470	42596710	乔丹是冠军	0.000000	0.000000	[18]	看到猎聘公司在招我的岗位…………	10.0	1.0	37621,30653,39567	26.0
471	42594258	YDevil	0.000000	0.000000	[18]	帮忙看看这是什么问题	1.0	2.0	0	106.0
472	42595602	虎扑JR0858781754	0.000000	0.000000	[18]	怎么把拉屎说的文雅端庄一点？	1.0	2.0	0	95.0
473	42598748	咪咕体育	0.000000	0.000000	[34]	不顾一切！胡明轩拼命争抢篮板倒地 看台胡妈妈伤心落泪	173.0	1.0	32632	242.0
474	42590144	红烧排骨给我一块	0.000000	0.000000	[18]	前任闪婚了	6.0	1.0	26587	631.0
475	42591019	化而丶为鹏	0.000000	0.000000	[18]	更新鸿蒙啦	294.0	2.0	15674	175.0
476	42590331	篮网输东决1	0.000000	0.000000	[18]	保罗为什么不能MVP？	177.0	2.0	42657,33253	277.0
477	42589809	民商法基地	0.000000	0.000000	[18]	不懂就问，格林如果来CBA什么水平？	177.0	2.0	42647,16863	256.0
478	42587563	太空人2	0.000000	0.000000	[17, 18]	和这位老哥一起吃饭需要注意什么？	1.0	2.0	0	310.0
479	42600275	阿卡杰姆格拉多克	0.000000	0.000000	[34]	交房自带的窗户用换吗？	13.0	2.0	0	22.0
480	42612984	追夜的风	0.000000	0.000000	[34]	辽粤之战，第一场上半场争议判罚动图（多图，慎开）	173.0	2.0	22337	45.0
481	42589626	徽羽	0.000000	0.000000	[18]	来聊，结婚要让所有人知道吗？	6.0	2.0	0	230.0
482	42586999	卑劣的	0.000000	0.000000	[18]	做自媒体快两个月，就赚了个房租钱	1.0	2.0	0	242.0
483	42584971	江南第一美男子	0.000000	0.000000	[17]	小波特的投篮热图是什么水平？	177.0	2.0	0	429.0
484	42591050	善待俘虏常遇春	0.000000	0.000000	[34]	这就是沃尔沃的实力吗，嘴怼歪了，就只有一点刮痕	278.0	2.0	37372	132.0
485	42591520	美女基地	0.000000	0.000000	[26]	他花费25万买了一张无限次数的机票，被人嘲笑20年，航空公司束手无策	1.0	2.0	0	47.0
486	42608477	西哥哥www	0.000000	0.000000	[17]	为什么乐言首播微博下全部都是让他谨慎言行？	85.0	2.0	26459,42702	24.0
487	42586617	凑合过吧还能离是咋滴	0.000000	0.000000	[18]	如果可以和动漫里的人物谈恋爱，你会选谁？	1.0	1.0	28931	873.0
488	42598900	河大林书豪	0.000000	0.000000	[34]	华师中国史上岸经验帖	11.0	2.0	31929,42734	42.0
489	42599468	电影大筛选	0.000000	0.000000	[34]	看看用过的手机，一言难尽。。。	294.0	2.0	39465	50.0
490	42590281	飞人帮主45	0.000000	0.000000	[18]	特斯拉当自己是衣食父母吗	1.0	2.0	38071	57.0
491	42588388	父慈子笑里弗斯	0.000000	0.000000	[17]	有哪些数据体现不了作用的例证？	177.0	2.0	0	178.0
492	42590166	明智之举0	0.000000	0.000000	[18]	许嵩B站账号，大家可以关注下	63.0	2.0	43078,18846	51.0
493	42588948	拉稀从来不擦屁股	0.000000	0.000000	[18]	提车咯！	278.0	2.0	0	149.0
494	42582444	无关风月l我题序等你回	0.000000	0.000000	[26]	杜小帅升级了宅男装备	1.0	2.0	17176	280.0
495	42585603	丢了狗的狗	0.000000	0.000000	[17]	天和核心舱成功发射	1.0	2.0	0	188.0
496	42588516	PP_Pro	0.000000	0.000000	[18]	为什么有的男的颜值不高 却把到了无数妹子	1.0	2.0	0	117.0
497	42608316	Junyaman	0.000000	0.000000	[34]	我为什么看不了苏群的微博？	173.0	2.0	42702,23774	30.0
498	42588748	森沐雨杰	0.000000	0.000000	[18]	问了前女友不该问的问题	6.0	1.0	39217	61.0
499	42586016	超级田伯光	0.000000	0.000000	[34]	捷豹的修车费有点吓人啊	278.0	2.0	20357	251.0
500	42588636	lique_93	0.000000	0.000000	[34]	黎巴嫩首辆国产电动车亮相，外型令人眼前一亮	278.0	2.0	20231,40584	78.0
501	42583048	凑合过吧还能离是咋滴	0.000000	0.000000	[17]	极限求生!你能撑过哪一关?	1.0	3.0	327191,22185,45039	265.0
502	42588915	NBA历史三双王威斯布鲁克	0.000000	0.000000	[34]	专科生学计算机好还是学电气自动化好？	11.0	2.0	16989	56.0
503	42583096	虎扑JR2124808968	0.000000	0.000000	[17, 18]	这可能是世界难题	1.0	2.0	0	777.0
504	42584039	C默	0.000000	0.000000	[18]	肯德基疯狂星期四9.9原味鸡加脆皮鸡	1.0	2.0	176555,18973,34047	142.0
505	42588350	阿chok差点是帅哥	0.000000	0.000000	[18]	出事了朋友们	1.0	2.0	0	28.0
506	42584993	我登喂	0.000000	0.000000	[17]	表白太仓促了	6.0	2.0	0	152.0
507	42584713	炮大张	0.000000	0.000000	[18]	为什么想在俄罗斯定居这么麻烦＋困难	1.0	2.0	43196	155.0
508	42583441	76人哈登sun池田依来沙	0.000000	0.000000	[17, 18]	各位jr这眼皮上是啥	1.0	2.0	0	273.0
509	42573816	勤奋的蟹老板	0.000000	0.000000	[17]	周淑怡最新作品出炉，泰式风情很顶	85.0	2.0	15649	44.0
510	42581996	李相赫的小甜心	0.000000	0.000000	[18]	打算丁克，该怎么找对象	6.0	1.0	24946	338.0
511	42583590	虎扑JR0238086902	0.000000	0.000000	[18]	有银行裸辞的吗	10.0	1.0	0	144.0
512	42586247	饭团君CQC	0.000000	0.000000	[17]	不懂就问，为什么威金斯个人荣誉被格林全方位吊打？	124.0	2.0	23096,16863	52.0
513	42568827	毛毯厂	0.000000	0.000000	[34]	如若今年夺得欧冠 瓜迪奥拉是不是可以毫无争议地开启自己的曼城教父生涯	184.0	2.0	23957,32086,19031	66.0
514	42582733	hhhann121	0.000000	0.000000	[26]	谢谢兄弟们，脱单了	6.0	2.0	0	70.0
515	42581753	我真的不懂球	0.000000	0.000000	[18]	宗馥莉快40岁了，你愿意娶她吗？	1.0	2.0	194449	189.0
516	42590458	叡RLee	0.000000	0.000000	[34]	这个月全是糟心事	20.0	2.0	0	4.0
517	42590392	杂七杂八呀	0.000000	0.000000	[34]	窥探特辑捕食者	65.0	2.0	0	4.0
518	42583708	悟空大飙客	0.000000	0.000000	[34]	小城市停车真舒服啊，一整天可以不用停车费	278.0	2.0	0	149.0
519	42580609	ZYX1607	0.000000	0.000000	[18]	岩井俊二《情书》内地重映定档5月20日	60.0	2.0	34932,183701	64.0
520	42591410	WBG吃我一拳	0.000000	0.000000	[18]	微博被团灭，失误太大了	115.0	1.0	42702	37.0
521	42583517	让我一打九	0.000000	0.000000	[17, 18]	纯剧情而论，英雄联盟跟魔兽世界哪个更经典？	1.0	2.0	34358,19567	76.0
522	42579308	魔幻千机	0.000000	0.000000	[17]	每天给你三倍工资，连续5年不放假，你愿意吗？	1.0	1.0	37635	794.0
523	42589761	休城奥拉迪波	0.000000	0.000000	[34]	憨憨女友燥死	37.0	2.0	0	12.0
524	42579840	福州理工学院樱木花道	0.000000	0.000000	[18, 34]	福建选调生，这也许就是我大学生涯最大的遗憾	11.0	2.0	43233,33282	241.0
525	42578660	Qazwsxddd	0.000000	0.000000	[18]	各位大哥们，前女友和舍友快好上了。。	1.0	2.0	39217	768.0
526	42581022	拉风的名字嗷	0.000000	0.000000	[18]	你什么时候被反派的五官决定过三观	1.0	2.0	40976	61.0
527	42579166	108哈哈	0.000000	0.000000	[17]	再见了，篮球，我不回来了。	1.0	2.0	28719	102.0
528	42578584	大湾区非著名渣男	0.000000	0.000000	[18]	冷门小Q3入手小记	278.0	2.0	0	178.0
529	42578718	虎扑JR0114467670	0.000000	0.000000	[18]	恋爱好难，好难	6.0	2.0	32185	99.0
530	42581646	詹姆斯穿紫色	0.000000	0.000000	[18]	兄弟们，这又开始做实验了，他们自己都带口罩，我默默关上了窗	1.0	2.0	0	12.0
531	42574299	春否秋否知否	0.000000	0.000000	[17, 18]	终于，我也是加入了	6.0	2.0	0	735.0
532	42575569	晚安基地	0.000000	0.000000	[17]	肖申克的救赎到底好看在哪里	1.0	1.0	23542	851.0
533	42572818	演员秦岚	0.000000	0.000000	[24, 26]	终于轮到我了，我是秦岚，来跟大家聊聊天～	60.0	2.0	27366	2546.0
534	42579463	开心就嗥	0.000000	0.000000	[34]	为什么这个大学专业录取分数差这么多？	11.0	2.0	33282,15962,16620,17181	24.0
535	42572744	小章同学哟	0.000000	0.000000	[24]	终于轮到我了！我是章若楠，很开心和JRs聊聊～	60.0	2.0	41022	1138.0
536	42579587	崇拜1307	0.000000	0.000000	[34]	老爸吵架\n\n每次和我爸吵架，我都好想告诉他:“你知道外面有多少人想当我爸爸吗？”	7.0	2.0	47635,30636	10.0
537	42578470	cao9526	0.000000	0.000000	[34]	祝自己今天生日快乐！	20.0	1.0	0	76.0
538	42575009	萝卜头蓝天	0.000000	0.000000	[17, 18]	为什么那么多人觉得鸿蒙是换皮安卓？	294.0	1.0	15674,18172	494.0
539	42576182	RP8520123	0.000000	0.000000	[18]	什么样的前任忘不了？	6.0	1.0	26587	215.0
540	42578430	请回答_2020	0.000000	0.000000	[34]	百强城市分布图 哪些省份最惨？	12.0	2.0	37349,18055	72.0
541	42577700	凑合过吧还能离是咋滴	0.000000	0.000000	[18]	网恋三个月，今天奔现了。。	1.0	2.0	40425	68.0
542	42571833	不慢不离	0.000000	0.000000	[17]	飞猪花了61块开到机票盲盒、选择了宜昌……	1.0	2.0	17540,26645	376.0
543	42573029	Karl丶Y	0.000000	0.000000	[17]	天仙级别的任何次元都是天仙	1.0	2.0	25377,42753	152.0
544	42577927	Abbreviation	0.000000	0.000000	[34]	不愧是五菱，正规车厂造出来的东西，不是比无证上路的代步车好多了吗？	278.0	2.0	18737,29044,35655	30.0
545	42577382	3丶33	0.000000	0.000000	[34]	各位大佬，这样在宿舍违法吗？	11.0	2.0	0	58.0
546	42576165	考研不六战哪敢说上岸	0.000000	0.000000	[34]	中科大材料专业的优秀就业，原来是转行啊	11.0	2.0	25638,15962,21454	54.0
547	42576143	笃行ing	0.000000	0.000000	[18]	加了微信，居然是研二的姐姐？！	6.0	2.0	26651	121.0
548	42571605	步行街赤脚大汉	0.000000	0.000000	[26]	外卖越来越过分了…	1.0	2.0	0	237.0
549	42575890	笑长哥	0.000000	0.000000	[34]	昨晚，我和我爸亲手把我妈送进了医院	7.0	2.0	23625,30636	50.0
550	42575501	雷霆保罗进半决	0.000000	0.000000	[34]	如何看待iphone12（64g）+AirPods只要5998元？	294.0	2.0	15617,62364	25.0
551	42570527	潘长江暴扣科比	0.000000	0.000000	[17]	我去的上海车展怎么跟你们的不太一样啊	1.0	2.0	42944,37562	175.0
552	42574533	勒咘朗詹姆斯er	0.000000	0.000000	[34]	23岁的我，该何去何从？	10.0	2.0	0	55.0
553	42572265	陈记hao1	0.000000	0.000000	[17]	很现实的说一个问题，还会再有全力詹吗？	127.0	2.0	0	132.0
554	42569731	天公买少年	0.000000	0.000000	[18]	多年后，张翰在节目里点了一碗牛肉面……	60.0	2.0	32435,40037	167.0
555	42573859	xynlzq	0.000000	0.000000	[34]	为什么很多农村人认为买迈腾的是有钱人，买3系的就是硬装x？	278.0	2.0	27878	65.0
556	42571591	LastSaid	0.000000	0.000000	[34]	兄弟们，帮忙看看，我还有机会吗？	278.0	2.0	0	74.0
557	42570411	scheyla	0.000000	0.000000	[34]	真相大白！？特斯拉维权女车主身份曝光	278.0	2.0	38071,29338	107.0
558	42570054	于果151	0.000000	0.000000	[34]	NBA所有球队虎扑喜爱值排名	177.0	2.0	42664,40220	106.0
559	42567349	带带尼格罗	0.000000	0.000000	[18]	挑战一年不看白丝，今天是第364天，马上就成功了	1.0	2.0	0	147.0
560	42563250	虎扑影视资讯	0.000000	0.000000	[17]	[电影资讯] 沈腾、马丽新片《独行月球》发布杀青图，满眼都是“腾”	60.0	2.0	18001,15799,189896,26956,43708,54398	154.0
561	42578429	十三亿少女滴梦	0.000000	0.000000	[34]	iPhone12mini现在比iPhone11还便宜！	294.0	2.0	15617,82674,42926	25.0
562	42568899	擎天柱兔子	0.000000	0.000000	[26]	综合来看，深圳算国内最宜居的城市吗？	1.0	1.0	37349,42821	301.0
563	42570340	妹子与猪我选猪	0.000000	0.000000	[34]	就你叫奥迪Q5是吧？中型SUV是吧？	278.0	2.0	28452,24021	69.0
564	42569837	hanciqnm	0.000000	0.000000	[18]	这个“古"迹“遗址"有多假，您不会看不出来吧？	12.0	2.0	28068	69.0
565	42569060	到处瞎嗑	0.000000	0.000000	[18]	创4排名摇号解析，这个有道理吗？	535.0	2.0	43380,42921	62.0
566	42568493	仓鼠小妖	0.000000	0.000000	[26]	那就不要了	6.0	1.0	32836	95.0
567	42574809	我没有脑子a	0.000000	0.000000	[18]	boss里面骗人打工的公司多吗？	1.0	2.0	39567	16.0
568	42567325	虎扑JR2033310623	0.000000	0.000000	[18]	第一次发帖，国内TOP4本硕offer比较	10.0	1.0	0	155.0
569	42567033	洛城动漫	0.000000	0.000000	[34]	大家最喜欢哪款SUV的侧颜?	278.0	2.0	0	242.0
570	42567721	活健康就好	0.000000	0.000000	[34]	中500万是一种什么体验	20.0	2.0	0	79.0
571	42571679	虎扑典藏馆	0.000000	0.000000	[17]	【每周最佳神评论】第一帖就让人见笑，是什么水平？自己的车比领导贵，还开吗？	1.0	2.0	0	12.0
572	42568303	快雪晴时	0.000000	0.000000	[18]	小米12.5就我遇到这个bug吗？	294.0	2.0	29564	55.0
573	42565120	巴菲阳	0.000000	0.000000	[18]	蓝白校服粉色94装嫩日记	572.0	2.0	45709	63.0
574	42564865	步行街芳芳小卖铺	0.000000	0.000000	[26]	办公室7位女同事，求夸人的话	1.0	2.0	0	129.0
575	42560213	磨撒猴	0.000000	0.000000	[26]	20年了，终于结束母胎单身了！	1.0	2.0	23618	322.0
576	42561832	imp226	0.000000	0.000000	[34]	今天学校表白墙炸了家人们	11.0	2.0	32688	214.0
577	42562855	曼联波仔	0.000000	0.000000	[18]	如果让你设立一条规则让NBA变得流畅好看，你会怎么设立？	177.0	2.0	42664	361.0
578	42561809	汪指导1	0.000000	0.000000	[17]	篮网这个十天短合同球员来cba可以乱杀吗	177.0	2.0	23124,42647	165.0
579	42565319	没有熊的熊	0.000000	0.000000	[18]	心态崩了 给大家看看我室友多恶心	1.0	2.0	0	123.0
580	42563830	阿伟追悼会	0.000000	0.000000	[18]	最后还是让女生表白了，太怂了	6.0	2.0	0	105.0
581	42581255	绿帽先锋	0.000000	0.000000	[18]	兄弟们，你们能接受别人在微博叫你女朋友老婆吗	6.0	2.0	42706,32836,42702	258.0
582	42564510	无关凨月	0.000000	0.000000	[18]	十公斤的棉花和十公斤的铁到底为什么一样重	1.0	1.0	0	237.0
583	42572029	荷包蛋大爆炸	0.000000	0.000000	[34]	有看柯南感到害怕的同学吗	65.0	1.0	34281	8.0
584	42561980	低调的谭师	0.000000	0.000000	[18]	不懂就问，这种朋友圈是什么意思，已经明着收鱼了吗？	1.0	2.0	0	106.0
585	42560290	天天正能量	0.000000	0.000000	[17, 18]	女子独自去宾馆开房，老板娘一口回绝！每个人都该看看！	1.0	2.0	0	70.0
586	42562388	虎扑JR0487135678	0.000000	0.000000	[17]	什么工作看起来不体面，但是工资特别高?	1.0	2.0	37635,17077	237.0
587	42564563	有个传奇叫科比	0.000000	0.000000	[18]	前女友说我算计	6.0	1.0	39217	72.0
588	42570023	来自哥谭小镇的格雷福斯	0.000000	0.000000	[18]	懂手机的老哥进，万分感谢	73.0	1.0	39465	46.0
589	42563558	爱华人士伏拉夫	0.000000	0.000000	[17]	清华的数学跟北大有多大的差距？	11.0	2.0	25156,26741,23565	20.0
590	42560793	丁二黄	0.000000	0.000000	[17, 26]	日本的动漫产业真是丰富。。。	64.0	2.0	28931,42957	97.0
591	42560905	马刺双塔21	0.000000	0.000000	[34]	真心求问，这种学校算什么水平？	3.0	2.0	32688	64.0
592	42560923	Aprei丶辰星	0.000000	0.000000	[18]	好怀念之前的狗头	1.0	2.0	0	107.0
593	42560547	Gi老汉	0.000000	0.000000	[34]	考研对考公有多大的影响？	11.0	2.0	32566	24.0
594	42559746	JGalaxy	0.000000	0.000000	[18]	前端需要很强的算法知识吗	1.0	1.0	0	29.0
595	42558844	虎扑JR1445439731	0.000000	0.000000	[34]	真后悔来非洲！	10.0	2.0	0	277.0
596	42567395	浅唱孤单	0.000000	0.000000	[17]	会计这职业工资下限也太低了吧	1.0	1.0	37635,42742	18.0
597	42566463	LA湖人总冠军666	0.000000	0.000000	[18]	你一年挣多少爽？	1.0	2.0	0	13.0
598	42565360	穆帅的小迷妹	0.000000	0.000000	[18]	他朋友圈屏蔽我了	6.0	1.0	0	30.0
599	42559004	3oCaRrY	0.000000	0.000000	[18]	JR们快帮我分析分析	6.0	2.0	0	84.0
600	42560616	Kin0119	0.000000	0.000000	[18]	xdm 这个冲得不！！！	294.0	2.0	0	16.0
601	42558294	军统郑耀先	0.000000	0.000000	[17]	XDM，今天可是一个特别的日子，你们知道吗？	60.0	2.0	0	76.0
602	42558158	落雨了吧	0.000000	0.000000	[18]	xdm好烦啊！感觉男朋友好没有上进心啊，我快坚持不下去了！	6.0	2.0	0	112.0
603	42557622	别打我脸	0.000000	0.000000	[34]	这就是大家吹的这么牛逼的安卓系统？	294.0	2.0	18172	268.0
604	42558390	科尔下课滚蛋	0.000000	0.000000	[18]	今天23岁生日，心情万般复杂	6.0	1.0	0	53.0
605	42557943	吾皇千岁千千千岁	0.000000	0.000000	[34]	一巴掌把媳妇打回娘家，我有罪	7.0	1.0	42669	46.0
606	42555833	请回答_2020	0.000000	0.000000	[17]	古代百姓晚上干啥？	12.0	1.0	44968	128.0
607	42550498	凑合过吧还能离是咋滴	0.000000	0.000000	[17]	最强大脑张雨萱，14岁入清华，18岁直博清华数学系，这样的人真的存在吗，太可怕了	1.0	2.0	26741	326.0
608	42557348	猛男喵喵酱	0.000000	0.000000	[34]	这样的姑娘你愿意照顾她一辈子吗？	3.0	2.0	0	38.0
609	42575101	穿着阿迪吻哈登	0.000000	0.000000	[26]	女朋友在寝室经常受委屈怎么办？	6.0	2.0	32836	187.0
610	42550332	ChinJ	0.000000	0.000000	[26]	xdm，前女友这波什么操作？	6.0	2.0	39217	139.0
611	42545574	灿哈哈	0.000000	0.000000	[26]	这个系列很经典	1.0	2.0	0	174.0
612	42551766	用户1732806843	0.000000	0.000000	[34]	女生学习比男生勤劳多了，很明显的是女生考上大学的比男的多！	11.0	2.0	33282	71.0
613	42550931	喵喵滴滴	0.000000	0.000000	[17]	男友希望我保证自己以后不会出轨	6.0	1.0	18915	165.0
614	42549021	虎扑JR1457289066	0.000000	0.000000	[18, 26]	这种一般罚多少	1.0	2.0	0	100.0
615	42546392	飞行员李丑萌	0.000000	0.000000	[26]	这女的也太厉害了吧，会好几种方言，自由切换啊	1.0	1.0	0	171.0
616	42551788	呆21秃20傻9	0.000000	0.000000	[34]	武力媲美五虎的花荣为啥成不了五虎将？	12.0	2.0	142139,23355	27.0
617	42550093	你你过来呀	0.000000	0.000000	[34]	27岁的单身女生，每月消费3200左右，算高吗？	3.0	2.0	40805	180.0
618	42546369	王大梨子	0.000000	0.000000	[18]	公司偷偷搞了带薪拉屎榜	1.0	2.0	39567	84.0
619	42543204	夏木生花	0.000000	0.000000	[17]	各大城市地铁logo集合	1.0	2.0	0	797.0
620	42558009	给你冰可乐	0.000000	0.000000	[18]	有没有一瞬间突然很想前任	6.0	1.0	0	17.0
621	42590635	Quite丶boy丶cy	0.000000	0.000000	[18, 26]	[流言板]RNG发布MSI首战倒计时	85.0	2.0	42967,42791	84.0
622	42580174	我来说联盟	0.000000	0.000000	[17]	霸哥究竟能不能打职业？Uzi直播中说道:他可以打职业！	85.0	2.0	43174,42742,34312	89.0
623	42560556	虎扑JR0629621009	0.000000	0.000000	[17]	孙亚龙虚伪至极 刚喷完别人演员就找个演员直播？	85.0	2.0	34057	64.0
624	42550439	全世界第二可爱	0.000000	0.000000	[34]	苹果 iOS 14.5/iPadOS 14.5 正式版发布	294.0	2.0	85450,42780,37375	24.0
625	42547723	天青色等腌鱼	0.000000	0.000000	[18]	家人们，这身行头见妹子可以吗？	6.0	2.0	0	247.0
626	42549461	爱华人士伏拉夫	0.000000	0.000000	[34]	不谈就业，从学术角度讨论，在经管类上海财大与复旦大学哪个更强？	11.0	1.0	42944,17512,28009	25.0
627	42544572	不神不经病	0.000000	0.000000	[17]	献血疼吗？	1.0	1.0	0	566.0
628	42547872	铁血小耗子	0.000000	0.000000	[34]	博士临近毕业，看到又有人自杀，聊下自己	11.0	1.0	32691,42795	70.0
629	42547852	你吼辣么大声干吗嘛	0.000000	0.000000	[34]	公司在招女性前台，这把我们看傻了	10.0	2.0	39567	75.0
630	42548861	一只小恼抚	0.000000	0.000000	[18]	JR们，应届生第一份工作这个靠谱吗	10.0	2.0	17077	32.0
631	42546163	DadyCaster	0.000000	0.000000	[18, 26]	好兄弟们大镖客求助	1.0	2.0	0	110.0
632	42556342	PANDO1	0.000000	0.000000	[34]	自己目前这想法想和大家聊聊	20.0	2.0	0	7.0
633	42542878	1未生	0.000000	0.000000	[26]	现在的小朋友聊天都看不懂了，Jrs进来看看	1.0	2.0	45585	151.0
634	42556028	你正儿八经的小胖墩	0.000000	0.000000	[18]	是哪两个字啊？大佬们	1.0	2.0	0	19.0
635	42555453	天谷千寻	0.000000	0.000000	[17]	无职圆盘初动4385不敌魔道祖师	64.0	2.0	26019	25.0
636	42547427	诺贝尔超可爱奖获得者	0.000000	0.000000	[18]	用心对待即将到来的婚礼	6.0	2.0	0	50.0
637	42548324	哈哈鞋123	0.000000	0.000000	[34]	有搞装修的虎友吗？我想干装修行业，是不是很难入行？	13.0	2.0	43171	21.0
638	42544850	千万别报考日语专业	0.000000	0.000000	[17]	年轻人真的要爱护自己的身体	1.0	2.0	0	286.0
639	42547075	我一直在想你xy	0.000000	0.000000	[34]	史书上有哪些看似轻描淡写的记载，实则背后故事很可怕很残酷？	12.0	2.0	162737,30189	48.0
640	42546634	乔峰萧	0.000000	0.000000	[34]	关于清朝和唐朝巅峰期的疆域问题	12.0	2.0	23850,44459	98.0
641	42547255	雪中汉刀行	0.000000	0.000000	[34]	刚拿到offer，原公司涨工资了咋抉择	10.0	1.0	37635,39567	79.0
642	42546493	蒋良心	0.000000	0.000000	[34]	【良心历史杂谈】方腊起义和金朝，谁对大宋威胁更大？	12.0	2.0	32424,43017,325576	43.0
643	42539817	库里的总决	0.000000	0.000000	[26]	印度这波疫情会怎么结束？	1.0	1.0	42997	811.0
644	42552682	湖人陈师傅	0.000000	0.000000	[34]	杭州买房求助老哥们~300以内	13.0	2.0	42727	51.0
645	42546280	日在学校	0.000000	0.000000	[34]	为啥清华北理这些学校还有这么找搞传统机械工作的？就硬卷嘛？	11.0	1.0	32688	27.0
646	42551306	Little_祁	0.000000	0.000000	[18]	为期三个月的快递员日记	1.0	2.0	0	18.0
647	42576227	李四i	0.000000	0.000000	[17, 18]	[赛后]虎牙中韩赛：SLD 2-2 韩国2队，团战致胜，韩国扳平比分	85.0	2.0	28529,318407,24406,43016,319533,38602	12.0
648	42544852	新晋双一流	0.000000	0.000000	[34]	南京江宁熙悦，老哥们帮忙看一下户型	13.0	2.0	43046,56059,17982	111.0
649	42545047	ethanonly1	0.000000	0.000000	[34]	大学没拍到毕业证会不会以后都后悔	3.0	1.0	33282	26.0
650	42543950	草帽库里	0.000000	0.000000	[18]	求助！呼吸科！体检出现肺钙化灶！	1.0	2.0	324973	146.0
651	42541645	卜把妮打哭1	0.000000	0.000000	[26]	印度这变异病毒什么情况？	1.0	1.0	22530,42997	259.0
652	42544522	C罗杜兰特	0.000000	0.000000	[34]	数字6和8，谁在中国的历史地位更高	3.0	1.0	42734	27.0
653	42549462	逆了苍天	0.000000	0.000000	[34]	求推荐一款音质好穿透力强的蓝牙音箱 价格两千以内	3.0	2.0	33838	24.0
654	42574039	杨过家的雕	0.000000	0.000000	[17]	虎牙20亿，获得未来五年LPL,LDL以及LPL全明星赛转播权，赛后制作权等！	85.0	2.0	42709,46839,38602	14.0
655	42542639	fishthebarber	0.000000	0.000000	[18]	女朋友不喜欢我的穿衣风格……	6.0	2.0	32836	103.0
656	42538365	国姓第五之舞迪	0.000000	0.000000	[34]	未来首富绝对是张一鸣	3.0	2.0	46065	438.0
657	42543651	nofault	0.000000	0.000000	[34]	好激动！历时近两个月，终于通过真心想要抢购到K40啦！	294.0	2.0	82266	40.0
658	42542760	源哥的小跟班	0.000000	0.000000	[34]	高源斗地主：超精准炸点如何拿捏，你get了吗？	3.0	3.0	324899,52874	32.0
659	42543227	选择题基地	0.000000	0.000000	[34]	第十四题，火辣的杨幂，是你喜欢的类型吗？	1.0	2.0	29967	26.0
660	42543072	松下問童子	0.000000	0.000000	[34]	为什么历史上的战争，“火烧连营”情况时有发生？	12.0	2.0	27220	23.0
661	42541229	激浪轻怡	0.000000	0.000000	[34]	在杭州1000万可以买到什么房子？	13.0	2.0	22519,42727	114.0
662	42546601	木有天分	0.000000	0.000000	[18]	准备读博，遇到了点困难。	10.0	1.0	0	17.0
663	42538747	wulfger	0.000000	0.000000	[34]	刚才看了一个特斯拉女车主维权的新闻，评论让我觉得很可怕。。。	278.0	2.0	38071,29338	195.0
664	42538949	重庆的胖xiong	0.000000	0.000000	[18]	以前想不通那些二十七八为什么还不结婚	1.0	2.0	0	150.0
665	42545074	长枪白马	0.000000	0.000000	[34]	请教Jrs，主卧哪种衣柜做法更兼具美观和实用呢？	13.0	2.0	43873,20793	37.0
666	42547191	tm回来	0.000000	0.000000	[18]	k40顶配涨价了，不应该是恢复原价了。	294.0	2.0	82266	10.0
667	42538890	吃肉的山羊	0.000000	0.000000	[34]	又有人想拿安阳341国道的下坡替特斯拉说话，看看实际情况吧！	278.0	2.0	47733,30598	98.0
668	42538216	万福玛利亚龙希	0.000000	0.000000	[34]	中国特有鸟类，是凤凰的原型，被外国人视为东方审美文化的使者	12.0	2.0	42734,27982	28.0
669	42538173	MJ123Z	0.000000	0.000000	[34]	和全屋定制说了要装65寸电视机，现在橱柜装完了尺寸不够怎么办？	13.0	2.0	37701,54204	41.0
670	42543490	用户0844741880	0.000000	0.000000	[18]	继上个月拔了左边智齿后，今天去拔了右边的	1.0	2.0	22880	60.0
671	42542873	虎扑JR1954764192	0.000000	0.000000	[18]	相亲对象还没确定关系就见家长	6.0	2.0	18010	13.0
672	42542426	虎扑JR2000449457	0.000000	0.000000	[18]	复合不久又想分手了	6.0	2.0	0	27.0
673	42540322	只用右手	0.000000	0.000000	[34]	上海新房，银行额度不够造成逾期，求助JRS	13.0	1.0	42944,31535	34.0
674	42541320	Thomas的小火车	0.000000	0.000000	[34]	坐标徐州，刚定的这套房怎么样，请各位老哥把把关。	13.0	2.0	34436,33258	65.0
675	42541490	虎扑热点资讯	0.000000	0.000000	[26]	12岁男孩被托管班同学浇502胶水，右眼皮死死粘住！你怎么看?	1.0	2.0	0	15.0
676	42537014	蔡恩基地	0.000000	0.000000	[18]	中科院回应熟蛋返生课程，这回应什么水平	1.0	2.0	27777,32878	85.0
677	42537087	虔诚的祈祷未来	0.000000	0.000000	[18]	大半夜接到前女友电话	6.0	1.0	39217	33.0
678	42537021	PTRBL	0.000000	0.000000	[18]	意难平啊意难平	6.0	2.0	0	35.0
679	42534094	放开那富婆	0.000000	0.000000	[17]	这是高额白脚蛛吗？	1.0	2.0	0	225.0
680	42536981	996楞头青	0.000000	0.000000	[34]	晚上下班跟高中同学(高二辍学)吃饭，他说马上完成这个项目又可以买一套房子了…	3.0	2.0	0	32.0
681	42536858	布酱	0.000000	0.000000	[18]	【长泽和gakki】B站上线龙樱第一季，经典励志鸡汤回归。你麻，你嘎，宽叔。	60.0	2.0	222659,43078	32.0
682	42536692	虎扑JR0757407808	0.000000	0.000000	[34]	诸葛亮设计杀死魏延，有反骨只是借口？那么魏延真实死因是什么	12.0	2.0	31746,33965	28.0
683	42535579	浅夏沫离	0.000000	0.000000	[17]	华语女歌手，8进4。你选谁？	60.0	2.0	29066	125.0
684	42530657	裤裆里藏枪	0.000000	0.000000	[17]	村里的篮球场竟然弄成这个样子	1.0	2.0	0	751.0
685	42529485	微光5285	0.000000	0.000000	[17]	下个月结婚，老婆说请两个人，求推荐	1.0	2.0	42706	597.0
686	42533074	捡球后卫发球后卫	0.000000	0.000000	[34]	小米11充电故障后续（仍未得到任何有效解决）	294.0	2.0	29564	149.0
687	42535197	11丶安德森	0.000000	0.000000	[34]	110平房子公摊30是什么水平	13.0	2.0	22519	55.0
688	42534960	哈根达斯特别甜	0.000000	0.000000	[34]	家里没法帮忙的情况下，在广州年入35万能够定居下来吗？	3.0	2.0	42797	33.0
689	42534594	邬妖王	0.000000	0.000000	[34]	在闲鱼买黄金的人是怎么想的	3.0	2.0	16195	25.0
690	42537364	想想大司马会怎么送	0.000000	0.000000	[34]	有没有jrs开始申请2022年入学的博士了呢	11.0	2.0	32691	27.0
691	42529376	墨颜有点懒	0.000000	0.000000	[34]	将要装修的家人呢可以马一下这篇	13.0	2.0	0	48.0
692	42530376	Gloria鄧佩儀	0.000000	0.000000	[26]	b站顶级女海王，自认完爆项思醒！	1.0	2.0	43078,23132	108.0
693	42525123	rayn34	0.000000	0.000000	[34]	【老破小改造】这个家越来越完整了！	13.0	2.0	0	574.0
694	42536772	沈阳鲁尼	0.000000	0.000000	[18]	有没有在施工单位上班的兄弟	1.0	2.0	0	63.0
695	42532196	请叫我胡蜀黍	0.000000	0.000000	[34]	第一次相亲就遇到这样的事	3.0	1.0	0	37.0
696	42530198	天才明星球员东方翔	0.000000	0.000000	[34]	升本还是选择国企？各位jr	10.0	2.0	26179	282.0
697	42525050	期刊论文发表Mr王	0.000000	0.000000	[17]	毕业论文答辩流程和需知	1.0	2.0	23331,19288	244.0
698	42529645	真的是大圈圈啊	0.000000	0.000000	[34]	断桥铝阳台封窗，这价格是杀猪吗，坐标珠海	13.0	2.0	43241	177.0
699	42522754	我邦惊诧	0.000000	0.000000	[17]	刘浩存的舞蹈实力如何？	60.0	1.0	178610	259.0
700	42524888	虎扑热点资讯	0.000000	0.000000	[17]	茶颜悦色告赢茶颜观色获赔170万，后者被判不正当竞争！	1.0	2.0	186785	192.0
701	42527617	干货JR左秋	0.000000	0.000000	[17]	7w阅读才35元 拉稀	1.0	2.0	0	77.0
702	42529678	罗马利物浦拜仁	0.000000	0.000000	[34]	两个室友本科论文查重，一个0.9%，一个直接0%，什么水平？	11.0	1.0	22852,20316	21.0
703	42522167	虎扑JR0487135678	0.000000	0.000000	[17]	贝吉塔和悟空可以打过他们吗?	1.0	2.0	18629,34094	792.0
704	42523734	Akinatatta	0.000000	0.000000	[17]	【娱乐圈夫妻】打死也不会离的有哪几对	60.0	2.0	27049	611.0
705	42533527	落俗欧吉桑	0.000000	0.000000	[34]	老哥们评价下南京莱蒙水榭阳光小区呗	13.0	1.0	43046,324414,25244	30.0
706	42528624	用户0332204922	0.000000	0.000000	[34]	XDM，阿里测开和美团后端实习offer求教。	10.0	1.0	30102,38926,25918	36.0
707	42533022	KINGSFG	0.000000	0.000000	[34]	坐标西安，摇号9次，终于摇上华润未来城市的洋房了......	13.0	2.0	36519,42843	117.0
708	42525496	虎妞宝	0.000000	0.000000	[34]	学生党，买1000多的耳机算炫富嘛？	3.0	2.0	31578	51.0
709	42521549	danger_53	0.000000	0.000000	[34]	昨天和一个本地定制家具厂厂长吃了一顿午饭，一些有用信息给大家分享下。	13.0	1.0	0	289.0
710	42525510	胖羊不吃糖	0.000000	0.000000	[34]	为啥iPhone12 5G都普及了，iPhone11销量还是那么好？	294.0	2.0	15617,42926	65.0
711	42523326	大烧饼丶	0.000000	0.000000	[34]	新家大致装完啦 晒点给定制厂家的图	13.0	2.0	0	125.0
712	42525005	D1ckVan	0.000000	0.000000	[26]	夏日幻听无了，b站番剧区关了吧，新番没几部，还不想让人看	64.0	2.0	32085,43078,323977	60.0
713	42523484	每天吃两个鸡蛋	0.000000	0.000000	[34]	法硕非法学二战调剂b区双非还是三战211法学学硕	11.0	1.0	31697,32476,31709	57.0
714	42522850	Jimmystea	0.000000	0.000000	[34]	诚恳求问，二本的英专考研择校问题，求了解不歧视出身的学校	11.0	1.0	32688,32566,17383,36745	64.0
715	42527453	锅贴饺子Jr	0.000000	0.000000	[34]	告别家装建材行业 关于门窗的选购 知无不言	13.0	2.0	44092	121.0
716	42527908	Fan星星	0.000000	0.000000	[34]	老哥们 一梯多户酒店式住宅可以买吗	13.0	2.0	43713	52.0
717	42521616	TIGA之地	0.000000	0.000000	[34]	为什么说尔朱荣祸比董卓？	12.0	2.0	45671,163535	36.0
718	42523861	浉河中学老猎人	0.000000	0.000000	[34]	全屋定制选择问题，大佬们帮忙看下	13.0	2.0	0	24.0
719	42523546	银行民工想休假	0.000000	0.000000	[17]	求问有JRS知道中关村科技融资租赁这家公司吗	10.0	2.0	39567	6.0
720	42524091	星期一G6湖人总冠军	0.000000	0.000000	[26]	兄弟们如何看待B站和北邮这档子事？	1.0	2.0	43078	13.0
721	42520033	03160811	0.000000	0.000000	[26]	前女友突然说想我	6.0	2.0	39217	133.0
722	42522028	斯洛伐克共和國	0.000000	0.000000	[34]	上饶本地装修公司全包大概预算十五万九，懂行的老哥看看怎么样	13.0	2.0	35870	38.0
723	42514943	獨孤誠	0.000000	0.000000	[17]	这道题基本上就是文理双杀？	2.0	2.0	0	106.0
724	42524976	胖羊不吃糖	0.000000	0.000000	[34]	iPhone颜色真是越来越骚气了。\n聊五毛钱的，你们的iPhone都是什么颜色？	294.0	2.0	15617	80.0
725	42518295	Hidelove	0.000000	0.000000	[17]	学校表白墙这波什么水平？？？？	11.0	2.0	32688	85.0
726	42519195	倾国倾城程灵素	0.000000	0.000000	[34]	【金庸女子五围评分】第59篇：翠羽黄衫霍青桐	12.0	2.0	323613,25901,323611	45.0
727	42517204	科技数码先生	0.000000	0.000000	[34]	荣耀畅玩20或将于4月底发布，搭载国产芯片虎贲T610	294.0	2.0	29811	49.0
728	42516204	抽象危险犯	0.000000	0.000000	[34]	考研英语一，心态炸裂。	11.0	2.0	31493	110.0
729	42512575	卡布妲	0.000000	0.000000	[34]	鼻毛容易长出来怎么办	3.0	2.0	0	214.0
730	42514731	放开那富婆	0.000000	0.000000	[34]	大哥们，建面124平，全包13万，可以做吗？	13.0	2.0	0	198.0
731	42510995	小李问小江你干嘛呢	0.000000	0.000000	[34]	津巴布韦这个操作什么水平？	3.0	2.0	30265	238.0
732	42514170	巴西前锋卢西奥	0.000000	0.000000	[34]	大一转专业落榜，好迷茫，能不能给点建议。。。	11.0	1.0	15962	25.0
733	42518618	何以默笙箫jrs	0.000000	0.000000	[34]	兄弟们。我是设计师，准备装自己的房子。麻烦兄弟们给我参考一下。	13.0	2.0	22519	31.0
734	42512641	Likkrit	0.000000	0.000000	[34]	好奇问一下，《明朝那些事儿》里面讲的历史够严谨吗？	12.0	2.0	45162,45482	124.0
735	42536440	丿大魔君丶	0.000000	0.000000	[34]	烂尾，退款了。请JRS给点建议！	13.0	2.0	0	38.0
736	42511662	移不动联不通丶	0.000000	0.000000	[34]	请问本科出身不好对考学硕影响大吗？	11.0	2.0	22852	104.0
737	42513223	路飞数码说	0.000000	0.000000	[34]	荣耀50Pro+详细参数已曝光，卖多少钱合适？	294.0	2.0	29811	49.0
738	42511588	虎扑JR1180335786	0.000000	0.000000	[34]	刘诗诗罕见探班杨幂 你对此有什么看法？	60.0	2.0	17760,29967	32.0
739	42515737	欲与风声	0.000000	0.000000	[34]	这几天虎扑推给我不少家装区的帖子，正好请jr们帮我出个主意	13.0	2.0	40220	23.0
740	42508253	闪闪发光惹人爱	0.000000	0.000000	[26]	这jio怎么样，算b站第一美jio了吗？	1.0	2.0	43078	52.0
741	42515343	大主教克拉克	0.000000	0.000000	[34]	各位jrs帮忙看看日立中央空调+新风6匹一拖五报价55000水分有多少	13.0	2.0	34722	21.0
742	42509611	魔幻千机	0.000000	0.000000	[34]	千贴纪念：我的学术生涯	11.0	1.0	28009	50.0
743	42507719	辽西节度使	0.000000	0.000000	[34]	唐朝最血腥的胜仗：唐军4个时辰斩首六万安史叛军，收复长安	12.0	2.0	34309,167157,53049,23850	113.0
744	42509580	那就取个拉风的昵称吖	0.000000	0.000000	[34]	医疗行业 广州深圳 二选一 选啥	10.0	1.0	42821,24826,42797	123.0
745	42507251	惊鸿青春	0.000000	0.000000	[34]	XDM，应届生适合去初创公司么？	10.0	2.0	39567	109.0
746	42506621	Gi老汉	0.000000	0.000000	[34]	请教一下环境工程的出路！！	11.0	2.0	0	73.0
747	42504988	TacoManLbj	0.000000	0.000000	[34]	坐标上海，国企做没有技术含量的工作，我是否该辞职	10.0	1.0	42944,26179,17077	163.0
748	42507571	虎扑热点资讯	0.000000	0.000000	[26]	B站面试官回应疑贬低应试者：这些话都没说过	1.0	2.0	23665,43078	45.0
749	42503634	K26Korver	0.000000	0.000000	[34]	毕业照虽迟但到，这波装修给几分？	13.0	2.0	43171	194.0
750	42511730	李子悠	0.000000	0.000000	[34]	坐标杭州，刚需自住，求各位老哥看看户型还有没有发挥空间	13.0	2.0	42727,17982	62.0
751	42511547	xiangjia56	0.000000	0.000000	[34]	房子已买，明年交房。95平小三房需要各路大神的宝贵建议！	13.0	2.0	22519,58079	33.0
752	42504346	12vs13vs16vs20	0.000000	0.000000	[34]	电器购买都是怎么买的？	13.0	1.0	0	114.0
753	42503941	cy你很帅	0.000000	0.000000	[34]	中广核宁德核电站和中烟工业的龙岩卷烟厂，求大家给点意见！	10.0	2.0	27082	30.0
754	42503101	壳马不是马	0.000000	0.000000	[34]	Jrm,早已心累，无以复加，是否该立刻离职。	10.0	1.0	0	150.0
755	42508171	科比最帅258	0.000000	0.000000	[34]	这种是什么虫子来的，有害的吗？求各位大神们解答一下。	3.0	2.0	43944	36.0
756	42505679	不脱鞋直到变老	0.000000	0.000000	[34]	XDM，我该不该从私企跳国企	10.0	2.0	26179	144.0
757	42505105	微博污污怪QaQ	0.000000	0.000000	[26]	B站游戏面试官太霸道！参与北邮校招时，炫耀资产、贬低应试者	1.0	2.0	23665,43078	16.0
758	42495848	空调蕉TAI狼	0.000000	0.000000	[17]	今天车展看到的车车和车模	1.0	2.0	20809,37562	664.0
759	42502107	a82bb6	0.000000	0.000000	[34]	以后不想结婚，不想找对象的想法是什么时候开始的？	3.0	2.0	24946,31131	76.0
760	42501880	鲍指导	0.000000	0.000000	[26]	人生如戏，考试竟遇到前女友！	1.0	1.0	39217	65.0
761	42498694	去敲幸福的门	0.000000	0.000000	[34]	广东省考行测85.4，笔试第三，面试小组第一，综合成绩第二，逆袭失败	10.0	2.0	19450,43054	155.0
762	42501768	格格艿坞	0.000000	0.000000	[17]	求LOL皮肤推荐	6.0	2.0	42643,21709	51.0
763	42500225	在直子与绿子之间	0.000000	0.000000	[34]	被人以公检法名义诈骗，今后的路该怎么走	10.0	1.0	0	67.0
764	42496651	那个来自阿克伦的小孩儿	0.000000	0.000000	[34]	老哥们，施工单位国企跟施工单位私企的选择	10.0	1.0	26179	83.0
765	42501583	大大大大哒哒哒	0.000000	0.000000	[26]	兄弟们，又一个b站拳师装男人被识破！	1.0	2.0	43078	15.0
766	42496015	源哥的小跟班	0.000000	0.000000	[34]	高源斗地主：直贏双炸，你源就是这么豪横！	3.0	3.0	52874	24.0
767	42494643	避风塘月饼	0.000000	0.000000	[34]	邀请外卖小哥一起吃饭，结果被婆婆质问，老公也说我有问题	3.0	1.0	21204	174.0
768	42500143	程序员小木木	0.000000	0.000000	[34]	IntelliJ IDEA 下载安装配置教程及破解版（完整版,很细节）	10.0	2.0	322584	30.0
769	42494742	虎扑JR0757407808	0.000000	0.000000	[34]	庞德英勇就义，曹操都为其落泪，如此忠义的庞德为何要离开马超	12.0	2.0	163680,17128,29262,40335	34.0
770	42494614	CJ麦克勒莫	0.000000	0.000000	[34]	普通人的一辈子，能赚多少钱？	3.0	1.0	0	27.0
771	42494443	抹干眼眸里亮晶的眼泪	0.000000	0.000000	[34]	（供参考）小米11U王者荣耀稳定90帧不发热设置	294.0	2.0	28358,29564	55.0
772	42492978	戴表时刻	0.000000	0.000000	[34]	借钱按时还，但是一直找你借	3.0	1.0	0	23.0
773	42492312	请问还有炸肉串吗	0.000000	0.000000	[34]	offer选择，中汽院vs比亚迪	10.0	2.0	27216	98.0
774	42492832	96west	0.000000	0.000000	[34]	九月份办婚礼，女方突然要求换房子，家人们帮忙看看有没有道理	13.0	2.0	19432	36.0
775	42488361	赢了三场	0.000000	0.000000	[34]	我这个研究生有没有前途	11.0	2.0	19564	257.0
776	42491033	xiaoqiangliyi	0.000000	0.000000	[34]	上海的JRS，想请教一下宝山区买房的事	13.0	2.0	42944,81528	87.0
777	42488737	万福玛利亚龙希	0.000000	0.000000	[34]	水浒传四大天花板级武将，梁山只占其一，个个碾压五虎	12.0	2.0	17451,19643	125.0
778	42487752	拜仁名宿许佳琪	0.000000	0.000000	[34]	【水浒人物志】天孤星--鲁智深	12.0	2.0	33616,36275,321950,167310	36.0
779	42492836	虎扑JR2030694340	0.000000	0.000000	[34]	小米11ultra ＋50W无线充才是最佳组合	294.0	2.0	29564	97.0
780	42486136	天微微一笑很倾城	0.000000	0.000000	[34]	发现新提拔起来的同事拿我立威怎么办？	10.0	1.0	0	104.0
781	42491958	著名精神病专家卢先生	0.000000	0.000000	[34]	Mate40加购一个freelacepro值得吗？	294.0	2.0	81041	34.0
782	42490050	日系花美男	0.000000	0.000000	[34]	考研院校 杭电vs西电杭州研究院	11.0	1.0	20229,40629,32566,42727	23.0
783	42494771	虎扑JR0757407808	0.000000	0.000000	[34]	真实的长板桥之战，张飞真的以二十骑击退百万曹军？他究竟多厉害	12.0	2.0	17872,220269	23.0
784	42484668	凑合过吧还能离是咋滴	0.000000	0.000000	[26]	现在网吧都这么狠了吗？冲500送3000?	1.0	2.0	0	137.0
785	42484347	临海大帝	0.000000	0.000000	[34]	比彩票几率还低的事情，需要职场大佬或hr解答。。	10.0	1.0	0	59.0
786	42484512	小豪酱	0.000000	0.000000	[26]	又碰了前任，吃了屎一样的难受	6.0	1.0	26587	29.0
787	42490232	虎扑JR0757407808	0.000000	0.000000	[34]	赵云年龄和黄忠相当，关羽为何只骂黄忠是老卒，而不骂赵云	12.0	2.0	16294,32427,28527	148.0
788	42491707	虎扑JR0757407808	0.000000	0.000000	[34]	曹操手下第一武将是谁？有何依据	12.0	2.0	29262	55.0
789	42490726	虎扑JR0757407808	0.000000	0.000000	[34]	关羽之死终结了吴蜀联盟，孙权决定杀关羽究竟是对还是错呢	12.0	2.0	43639,32427	77.0
790	42488751	欧欧欧欧2文	0.000000	0.000000	[34]	纠结很久要继续工作还是考研，希望大佬们给点建议	11.0	2.0	32566	29.0