0	42575009	萝卜头蓝天	0.744565	0.744565	[18]	为什么那么多人觉得鸿蒙是换皮安卓？	294.0	1.0	15674,18172	491.0
1	42614952	MrTimeless	0.122270	0.122270	[36]	求问奔驰GLB	278.0	2.0	0	0.0
2	42611425	安危谁与共T风雨忆同舟	0.676630	0.608967	[24]	疑似在三亚遇到了邹雨宸	173.0	2.0	43398,28489	202.0
3	42599187	南瓜先森	0.526217	0.526217	[18]	各位马克高玩过来看看	88.0	3.0	18044	84.0
4	42578584	大湾区非著名渣男	0.471965	0.471965	[18]	冷门小Q3入手小记	278.0	2.0	0	178.0
5	42495256	努力翻身的咸鱼啊	0.470034	0.470034	[17]	这两个学校差距大么	10.0	1.0	32688	106.0
6	145222	NaN	0.153348	29.902824	[0]	NaN	NaN	NaN	NaN	NaN
7	42557422	无圣与古蛇	0.365304	0.365304	[17]	鸿蒙系统动图	294.0	2.0	15674,20795	258.0
8	42573030	搬运基地	0.441933	0.397739	[17, 24]	不要试图去感动一个女孩子	3.0	3.0	0	283.0
9	42614778	wendy张j	0.122270	0.122270	[36]	防一血奔驰E300L豪华提车帖	278.0	2.0	23999	1.0
10	42573817	小小的小小小的	0.363880	0.363880	[17]	篮网这个球员哪去了？	135.0	2.0	23124,38103	229.0
11	42604793	小华711	0.355326	0.355326	[18]	杨超越五月行程图	59.0	2.0	18248	89.0
12	42590144	红烧排骨给我一块	0.352241	0.352241	[18]	前任闪婚了	6.0	1.0	26587	622.0
13	145134	NaN	0.152775	29.791170	[0]	NaN	NaN	NaN	NaN	NaN
14	42547695	冰帝迹部	0.419741	0.377767	[17]	这是咋的了？	3.0	3.0	0	225.0
15	42585758	图拉丁plus	0.382887	0.344598	[17]	坎特＋德布劳内，这组合能乱杀吗？	184.0	2.0	24997,33162,43326	108.0
16	42536987	你说拉风就拉风吗	0.329708	0.329708	[17]	特斯拉微博晒了一堆奶茶零食夸自己	278.0	2.0	38071,42702	124.0
17	42591019	化而丶为鹏	0.320067	0.320067	[18]	更新鸿蒙啦	294.0	2.0	15674	174.0
18	42604855	枫潇潇汐	0.370403	0.333363	[24]	这举办婚礼的场面什么水平？	3.0	3.0	19432	534.0
19	42601967	upgodbili幫	0.305653	0.305653	[18]	不懂就问，北京深圳上海杭州，哪个互联网更强？	1.0	1.0	42944,42772,42821,42727,31503	434.0
20	145512	NaN	0.152775	29.791164	[0]	NaN	NaN	NaN	NaN	NaN
21	42522786	南方知我	0.299858	0.299858	[17]	一人一句，觉得你们前任是怎样的。我先来。	6.0	1.0	26587	353.0
22	42605610	追风骑士123	0.299032	0.299032	[18, 24]	双马尾赵粤造型	59.0	2.0	29840	165.0
23	42583441	76人哈登sun池田依来沙	0.302661	0.302661	[17, 18]	各位jr这眼皮上是啥	1.0	2.0	0	270.0
24	42590402	MOTHER法克儿	0.295738	0.295738	[18]	终究是她输了	6.0	2.0	0	144.0
25	42588290	晨光小肥仔	0.315872	0.284285	[18]	当年背到崩溃，如今慢慢遗忘的古文。	12.0	2.0	81600	334.0
26	42586617	凑合过吧还能离是咋滴	0.297794	0.297794	[18]	如果可以和动漫里的人物谈恋爱，你会选谁？	1.0	1.0	28931	869.0
27	145133	NaN	0.092993	18.133558	[0]	NaN	NaN	NaN	NaN	NaN
28	42576182	RP8520123	0.293365	0.293365	[18]	什么样的前任忘不了？	6.0	1.0	26587	215.0
29	42592878	真猪奶茶半糖去冰	0.281847	0.281847	[18]	在职考公进面，却去不了面试	10.0	2.0	32491	211.0
30	42609922	虎扑JR1324071956	0.292781	0.292781	[24]	喜欢上老师，真的想再见她一面，急哭了	1.0	2.0	0	1288.0
31	42604178	其实我叫吴彦祖	0.280670	0.280670	[18]	白色boots如何回春？？？	255.0	2.0	60979,32295	136.0
32	42568303	快雪晴时	0.279824	0.279824	[18]	小米12.5就我遇到这个bug吗？	294.0	2.0	29564	55.0
33	42601593	DNF你放哪	0.310820	0.279738	[18, 24]	这应该是最诡异的进球之一了吧	184.0	3.0	0	243.0
34	145126	NaN	0.082349	16.057993	[0]	NaN	NaN	NaN	NaN	NaN
35	42597119	幺两拐洞拐	0.307685	0.276916	[17]	提前进线？？？	173.0	2.0	0	227.0
36	42599298	低调的低调1	0.276327	0.276327	[18]	都说银行苦，我来说几句	10.0	2.0	33617	248.0
37	42543227	选择题基地	0.275509	0.275509	[17]	第十四题，火辣的杨幂，是你喜欢的类型吗？	1.0	2.0	29967	26.0
38	42560616	Kin0119	0.271389	0.271389	[18]	xdm 这个冲得不！！！	294.0	2.0	0	16.0
39	42601821	o北派四叔o	0.268695	0.268695	[18]	精装房卫生间马桶边没有插座怎么处理	13.0	1.0	38521,47290,39983	28.0
40	42611012	今晚绝杀	0.268004	0.268004	[24]	分手的路上	6.0	2.0	0	893.0
41	145318	NaN	0.081601	15.912130	[0]	NaN	NaN	NaN	NaN	NaN
42	42607114	玉玉玉玉玉玉儿	0.259610	0.259610	[17]	94年老姑娘寻个jr	1.0	2.0	0	156.0
43	42582088	棒棒糖放映室	0.257348	0.257348	[18]	汇车时驾驶员以为对向车道开着远光灯，提醒他闪了两下，没想到人家把真的#远光灯 打	572.0	3.0	21248,37263	53.0
44	42561832	imp226	0.284872	0.256384	[17]	今天学校表白墙炸了家人们	11.0	2.0	32688	214.0
45	42578718	虎扑JR0114467670	0.252352	0.252352	[18]	恋爱好难，好难	6.0	2.0	32185	99.0
46	42507818	飞侠之冠24	0.275670	0.248103	[17]	梁博这三首歌，真的是yyds	63.0	1.0	39564,84735	166.0
47	42602766	冰帝迹部	0.280594	0.252535	[18]	这位小哥，什么水平？	3.0	3.0	0	130.0
48	145227	NaN	0.056369	10.991863	[0]	NaN	NaN	NaN	NaN	NaN
49	42597203	睡醒了就去搞学习	0.246424	0.246424	[18]	跟前任和平分手后，是否有必要吃最后一顿散伙饭	6.0	2.0	26587	242.0
50	42602287	hongjin1111	0.236914	0.236914	[18]	外环高速亲眼目睹怒怼加塞，大快人心	278.0	2.0	0	136.0
51	42590660	男德学院留级生	0.235659	0.235659	[17]	汉堡王好恶心啊，我要吐了啊	1.0	2.0	25808	215.0
52	42603897	顶级男神	0.306915	0.245532	[18, 24]	这是我个人心中最符合吕布的演员，没有任何之一	59.0	3.0	32905	258.0
53	42602631	大湾区之虎曹达华	0.238320	0.238320	[18]	实在不知道她怎么想的	6.0	2.0	0	121.0
54	42588948	拉稀从来不擦屁股	0.229402	0.229402	[18]	提车咯！	278.0	2.0	0	148.0
55	145422	NaN	0.045843	8.939467	[0]	NaN	NaN	NaN	NaN	NaN
56	42592524	孙燕姿终于开演唱会啦	0.226918	0.226918	[17, 18]	我室友这波什么水平？	1.0	2.0	0	247.0
57	42569322	枫潇潇汐	0.270643	0.243578	[18, 26]	你有没有遇到过这种人	3.0	3.0	0	45.0
58	42604088	垮起个小狗批脸	0.229792	0.229792	[18]	男朋友太乖了，真好！	6.0	2.0	18952	131.0
59	42589680	徽羽	0.226918	0.226918	[18]	这个科一已过给我看傻了	1.0	2.0	0	293.0
60	42580609	ZYX1607	0.247394	0.222655	[18]	岩井俊二《情书》内地重映定档5月20日	60.0	2.0	34932,183701	62.0
61	42539876	我的头卡住了呀	0.227212	0.227212	[17]	不舔了不舔了	6.0	2.0	0	273.0
62	145515	NaN	0.043572	8.496531	[0]	NaN	NaN	NaN	NaN	NaN
63	42526571	给个微信呗	0.224709	0.224709	[26]	现在的快餐也太贵了吧！	1.0	2.0	46154	166.0
64	42564781	湖凯二人转	0.280062	0.224050	[18]	这车值多少钱	278.0	3.0	0	76.0
65	42574299	春否秋否知否	0.222539	0.222539	[18]	终于，我也是加入了	6.0	2.0	0	735.0
66	42599728	是要记住哈登	0.224643	0.224643	[18]	兄弟们，这种情况怎么办	1.0	2.0	0	119.0
67	42594162	Eddie4real	0.246381	0.221743	[17]	这不是争球？	173.0	1.0	36901	122.0
68	42580070	Merlockk	0.222483	0.222483	[17]	求救！怎么让异地球赛输了的男友开心起来？	6.0	2.0	18915	147.0
69	145132	NaN	0.039084	7.621447	[0]	NaN	NaN	NaN	NaN	NaN
70	42593889	飞天遁地小阿杜	0.221255	0.221255	[17]	来看，突然翻到这个…	1.0	2.0	0	127.0
71	42567765	LSP特种兵	0.241223	0.217100	[18]	假如你是成龙大哥，利智和张曼玉，你会选择谁？	60.0	3.0	20375,16809,30654	108.0
72	42563830	阿伟追悼会	0.216272	0.216272	[18]	最后还是让女生表白了，太怂了	6.0	2.0	0	101.0
73	42575569	晚安基地	0.218450	0.218450	[17]	肖申克的救赎到底好看在哪里	1.0	1.0	23542	846.0
74	42604292	虎扑热点资讯	0.214958	0.214958	[17, 18]	疑似韩东君与陈瑶恋情曝光！	59.0	2.0	23605,34984	118.0
75	42584971	江南第一美男子	0.212295	0.212295	[17]	小波特的投篮热图是什么水平？	177.0	2.0	0	428.0
76	145225	NaN	0.039084	7.621447	[0]	NaN	NaN	NaN	NaN	NaN
77	42530657	裤裆里藏枪	0.217367	0.217367	[17]	村里的篮球场竟然弄成这个样子	1.0	2.0	0	751.0
78	42599380	马菲奥	0.211668	0.211668	[18]	为什么这些艺人出门不带保安？	59.0	2.0	24953	48.0
79	42581996	李相赫的小甜心	0.211325	0.211325	[18]	打算丁克，该怎么找对象	6.0	1.0	24946	334.0
80	42578660	Qazwsxddd	0.211787	0.211787	[18]	各位大哥们，前女友和舍友快好上了。。	1.0	2.0	39217	768.0
81	42569060	到处瞎嗑	0.210053	0.210053	[18]	创4排名摇号解析，这个有道理吗？	535.0	2.0	43380,42921	62.0
82	42607390	CJB林教练	0.208400	0.208400	[18]	电竞而论，王者的职业是不是跟路人最接近的游戏？顶级五人组动不动被路人平推！	88.0	2.0	39584,44993,42742,42684,22044	81.0
83	145312	NaN	0.039084	7.621441	[0]	NaN	NaN	NaN	NaN	NaN
84	42549912	杜兰特12代	0.206933	0.206933	[17]	怎么利用学历优势找对象？	6.0	2.0	24946	195.0
85	42564890	你说话别那么凶	0.206571	0.206571	[18]	15万左右选什么车呢，	278.0	1.0	0	57.0
86	42559746	JGalaxy	0.205957	0.205957	[18]	前端需要很强的算法知识吗	1.0	1.0	0	29.0
87	42601928	极杜年华似水	0.205123	0.205123	[18]	毕业一年，给家人全换了手机	294.0	2.0	39465	191.0
88	42604253	矜持的少年诶	0.199088	0.199088	[17]	余景天公司发声明	59.0	2.0	213034	11.0
89	42550498	凑合过吧还能离是咋滴	0.202668	0.202668	[26]	最强大脑张雨萱，14岁入清华，18岁直博清华数学系，这样的人真的存在吗，太可怕了	1.0	2.0	26741	325.0
90	145513	NaN	0.029958	5.841725	[0]	NaN	NaN	NaN	NaN	NaN
91	42565360	穆帅的小迷妹	0.195487	0.195487	[18]	他朋友圈屏蔽我了	6.0	1.0	0	30.0
92	42608217	搬运基地	0.215441	0.193897	[24]	好家伙，掀开宝贝们的被子就像开盲盒一样	2.0	3.0	0	93.0
93	42583096	虎扑JR2124808968	0.200893	0.200893	[17, 18, 26]	这可能是世界难题	1.0	2.0	0	764.0
94	42583590	虎扑JR0238086902	0.191872	0.191872	[18]	有银行裸辞的吗	10.0	1.0	0	144.0
95	42572767	香椿拌Tofu	0.212187	0.190968	[23]	欧冠没有一粒点球进球就登上射手榜第四，本泽马是不是这个时代最受低估的前锋？	184.0	2.0	23957,35686	139.0
96	42561106	山猫的风花雪月	0.200893	0.200893	[17]	用你的生日取个古风网名	1.0	2.0	0	586.0
97	145511	NaN	0.023834	4.647666	[0]	NaN	NaN	NaN	NaN	NaN
98	42598487	凯尓登_约翰逊	0.211959	0.190764	[18]	点钞技能展示，谁才是王者？	2.0	3.0	39584,20118	58.0
99	42596766	文MJ森	0.187850	0.187850	[18]	胡明轩妈妈	153.0	2.0	32632	165.0
100	42579308	魔幻千机	0.198478	0.198478	[17, 26]	每天给你三倍工资，连续5年不放假，你愿意吗？	1.0	1.0	37635	774.0
101	42542670	法理桑	0.182538	0.182538	[18]	坐标杭州，29万内能提次低配的A4吗?	278.0	1.0	42727	19.0
102	42600661	虾仁豆付	0.190444	0.190444	[18]	为什么这猫那么大！	30.0	3.0	0	77.0
103	42570527	潘长江暴扣科比	0.195895	0.195895	[17, 26]	我去的上海车展怎么跟你们的不太一样啊	1.0	2.0	42944,37562	175.0
104	145509	NaN	0.023547	4.591722	[0]	NaN	NaN	NaN	NaN	NaN
105	42567325	虎扑JR2033310623	0.182238	0.182238	[18]	第一次发帖，国内TOP4本硕offer比较	10.0	1.0	0	155.0
106	42602818	望春吉诺比利	0.202375	0.182138	[18]	[發]XDM 我哥们新开的麻将馆什么水平？	3.0	2.0	0	173.0
107	42513612	字常要号高三轮	0.199546	0.199546	[17]	高源斗地主：经典拆王防炸操作！斗地主玩得就是心跳！	1.0	3.0	45112,52874	22.0
108	42563250	虎扑影视资讯	0.200308	0.180278	[17]	[电影资讯] 沈腾、马丽新片《独行月球》发布杀青图，满眼都是“腾”	60.0	2.0	18001,15799,189896,26956,43708,54398	154.0
109	42567154	layHong	0.178841	0.178841	[17]	刚认识一个女生，下一步应该怎么办	6.0	2.0	0	204.0
110	42580440	虎扑JR1794685249	0.195497	0.195497	[23]	一个学校好不好，应该不应该看它的学生毕业后工资？	1.0	1.0	32688,42795,15630	132.0
111	42604422	是真的帅没办法	0.258717	0.186276	[24]	你当时的反应如何？赵继伟绝平三分，多版本欢呼庆祝	173.0	3.0	28183	353.0
112	42607828	秋名山顶老司机	0.177559	0.177559	[18]	卧槽一胖毁所有，你们猜猜这是谁	59.0	2.0	0	141.0
113	42509630	吉林名宿姜宇星	0.195242	0.195242	[17]	王冰冰来我们学校了！	1.0	2.0	32688,42755	153.0
114	42596329	虎扑热点资讯	0.176685	0.176685	[18]	Redmi 商标被抢注，小米上诉失败，你怎么看？	294.0	2.0	51687,29564	80.0
115	42591582	哈士不太奇	0.201712	0.181541	[18]	如果你中学时期有个这样的女同桌，会对你的人生产生什么影响?	2.0	3.0	0	79.0
116	42600793	FFFFFF4AM	0.193160	0.193160	[18]	除了虎扑还是什么适合摸鱼的吗	1.0	2.0	40220	967.0
117	42518974	虎扑JR0720222987	0.176343	0.176343	[17]	对象是不是太丑了？想分手（兄弟们客观评价一下）	6.0	2.0	16756,41080	218.0
118	42604481	虎扑JR0682232755	0.195230	0.175707	[18]	不当模特可惜了！红军门将卡里乌斯最新帅照	184.0	2.0	26617,16895	30.0
119	42561980	低调的谭师	0.191250	0.191250	[18]	不懂就问，这种朋友圈是什么意思，已经明着收鱼了吗？	1.0	2.0	0	106.0
120	42604584	阿森纳拉胯	0.195054	0.175548	[18]	研究生阶段如何才能让自己最大的增值？	11.0	2.0	19564	102.0
121	42561516	全开boy	0.194201	0.174781	[23]	欧冠总进球数，本泽马71球，莱万73球，他俩谁更适合“欧冠大杀器”称号？	184.0	2.0	23957,35686,37182	62.0
122	42484668	凑合过吧还能离是咋滴	0.191250	0.191250	[26]	现在网吧都这么狠了吗？冲500送3000?	1.0	2.0	0	128.0
123	42608938	心丿丶已死	0.173197	0.173197	[17]	赵丽颖冯绍峰一同现身上海昔日爱巢分家	59.0	2.0	42944,21335,16843	89.0
124	42558009	给你冰可乐	0.172377	0.172377	[18]	有没有一瞬间突然很想前任	6.0	1.0	0	17.0
125	42588516	PP_Pro	0.187816	0.187816	[18]	为什么有的男的颜值不高 却把到了无数妹子	1.0	2.0	0	116.0
126	42572265	陈记hao1	0.170342	0.170342	[17]	很现实的说一个问题，还会再有全力詹吗？	127.0	2.0	0	133.0
127	42482479	曾少该起床上学了	0.169606	0.169606	[17]	男朋友太好看了怎么办	6.0	2.0	18952	78.0
128	42582339	虎扑JR0275293105	0.185739	0.185739	[23]	jr们当不当接盘侠？	1.0	1.0	0	56.0
129	42598825	咪咕体育	0.186154	0.167538	[24]	【独家对话】郭艾伦：被球迷高喊MVP触动流泪 那一刻真的放下了	173.0	1.0	28036,33611	203.0
130	42546601	木有天分	0.167211	0.167211	[18]	准备读博，遇到了点困难。	10.0	1.0	0	17.0
131	42543490	用户0844741880	0.176931	0.176931	[18]	继上个月拔了左边智齿后，今天去拔了右边的	1.0	2.0	22880	60.0
132	42571235	虎扑JR1135651735	0.165652	0.165652	[17]	肉赵云真的强	88.0	2.0	28527	62.0
133	42520033	03160811	0.164257	0.164257	[26]	前女友突然说想我	6.0	2.0	39217	133.0
134	42591200	PoisonousAn	0.174446	0.174446	[18]	用四个字形容你的长相。	1.0	2.0	0	501.0
135	42547191	tm回来	0.164018	0.164018	[18]	k40顶配涨价了，不应该是恢复原价了。	294.0	2.0	82266	10.0
136	42495814	虎扑JR2133386513	0.164257	0.164257	[26]	前女友这么做我该咋办？	6.0	2.0	39217	81.0
137	42581905	认针读书QAQ	0.172498	0.172498	[23]	求教高铁学生票	1.0	2.0	0	91.0
138	42606584	AK体育专栏	0.162723	0.162723	[18, 24]	NBA历史上有没有既拿过得分王，又拿过助攻王的球员？怎么看？	177.0	2.0	42664,39404	328.0
139	42604147	拉塞尔一一杜兰特	0.164205	0.164205	[18]	在一起开心	6.0	2.0	0	59.0
140	42584713	炮大张	0.171148	0.171148	[18]	为什么想在俄罗斯定居这么麻烦＋困难	1.0	2.0	43196	155.0
141	42610012	不想起名字1111	0.180252	0.162227	[24]	杜锋赛后大闹技术台	173.0	3.0	30362	408.0
142	42573831	7LGaming电竞俱乐部	0.161197	0.161197	[18]	PDL 二阶段分组	93.0	2.0	0	75.0
143	42594258	YDevil	0.170695	0.170695	[18]	帮忙看看这是什么问题	1.0	2.0	0	103.0
144	42584993	我登喂	0.161051	0.161051	[17]	表白太仓促了	6.0	2.0	0	152.0
145	42578531	丹琪同学	0.159533	0.159533	[18]	程咬金是不是版本最强坦克？	88.0	2.0	19831,42697,25582	51.0
146	42606663	湖人10号梅西	0.170273	0.170273	[17, 24]	朋友圈看到的，UFO？	1.0	2.0	0	299.0
147	42579155	看见我请提醒我快去学习	0.159958	0.159958	[17]	如何找到喜欢的人啊	6.0	2.0	0	177.0
148	42591372	枫潇潇汐	0.172746	0.155471	[18]	10块钱一个人随便吃，你们看老板会亏吗	3.0	3.0	0	40.0
149	42571833	不慢不离	0.169899	0.169899	[17]	飞猪花了61块开到机票盲盒、选择了宜昌……	1.0	2.0	17540,26645	376.0
150	42603884	守护天使梦	0.159633	0.159633	[18]	有女孩子喜欢这种类型的日系男孩吗？	6.0	2.0	0	60.0
151	42590166	明智之举0	0.171638	0.154474	[18, 26]	许嵩B站账号，大家可以关注下	63.0	2.0	43078,18846	49.0
152	42550309	妖化冰龍	0.168656	0.168656	[18]	外卖箱里的女儿融化很多人的心	1.0	3.0	0	187.0
153	42562855	曼联波仔	0.153785	0.153785	[18]	如果让你设立一条规则让NBA变得流畅好看，你会怎么设立？	177.0	2.0	42664	355.0
154	42569731	天公买少年	0.169411	0.152470	[18]	多年后，张翰在节目里点了一碗牛肉面……	60.0	2.0	32435,40037	166.0
155	42582444	无关风月l我题序等你回	0.165413	0.165413	[17, 26]	杜小帅升级了宅男装备	1.0	2.0	17176	279.0
156	42575084	Orange0115	0.151953	0.151953	[18]	[赛事视频]莫凡赵云灵性蹲草零换二，这就是细节吗？	88.0	3.0	23654,60638,28527	20.0
157	42608480	一只好奇的猫	0.151890	0.151890	[18]	女朋友这样子，还能要吗？	6.0	2.0	32836	100.0
158	42576022	凑合过吧还能离是咋滴	0.163908	0.163908	[23]	10秒钟找到蛇算你厉害!	1.0	2.0	0	289.0
159	42570023	来自哥谭小镇的格雷福斯	0.147738	0.147738	[18]	懂手机的老哥进，万分感谢	73.0	1.0	39465	46.0
160	42558158	落雨了吧	0.149327	0.149327	[18]	xdm好烦啊！感觉男朋友好没有上进心啊，我快坚持不下去了！	6.0	2.0	0	111.0
161	42583455	路西12345	0.164739	0.164739	[23]	我们学校舞蹈社的 跟清华大学校庆那段比如何	1.0	3.0	32688,29744,38181	16.0
162	42568009	yjyxdcb	0.162779	0.146501	[23]	近25年的欧冠冠军主帅一览，你最欣赏谁？	184.0	2.0	23957	67.0
163	42608410	身高真的是155	0.146017	0.146017	[18, 24]	jrs，虎扑领的男朋友分手了	6.0	2.0	18952,40220	239.0
164	42599991	代表形象的好昵称	0.163868	0.163868	[18]	约到同事姐姐了，睡不着了	1.0	2.0	0	65.0
165	42498567	凯尓登_约翰逊	0.160729	0.144656	[17]	化个妆和网恋男友见面，大家觉得能成功吗？	2.0	3.0	18915,40425	155.0
166	42589626	徽羽	0.137878	0.137878	[18]	来聊，结婚要让所有人知道吗？	6.0	2.0	0	230.0
167	42563984	air奥特曼	0.161931	0.161931	[17]	94年女jr，强行征男友	1.0	2.0	18915	236.0
168	42602718	沃兰德里塔	0.152834	0.137550	[18]	有一说一，张一山是不是90后演员里演技最不行的，甚至不如他兄弟嘎子	60.0	2.0	20515,40069,20158	181.0
169	42564202	大哥闯江湖	0.136244	0.136244	[18]	总有人不点确定，是什么鬼？	88.0	2.0	0	4.0
170	42568321	枫潇潇汐	0.169074	0.169074	[17]	原来熊猫是这样变成国宝的	1.0	3.0	27335,28236	126.0
171	42536858	布酱	0.152056	0.136851	[18]	【长泽和gakki】B站上线龙樱第一季，经典励志鸡汤回归。你麻，你嘎，宽叔。	60.0	2.0	222659,43078	32.0
172	42559149	编号008	0.148053	0.133248	[23]	现在确实看球人很少，欧冠半决赛强强对话也没多少热度	184.0	1.0	23957	82.0
173	42485282	凑合过吧还能离是咋滴	0.162167	0.162167	[17]	JR们，有哪些一用就马上提升气质的微信头像?	1.0	2.0	26651	127.0
174	42583821	冰帝迹部	0.150654	0.135589	[18, 26]	耳朵被抓住如何破解，进来学习下	3.0	3.0	0	50.0
175	42594222	孙尚香汉堡	0.131533	0.131533	[17]	挣扎了好多天，要见面了兄弟们	6.0	2.0	0	76.0
176	42583496	球魔赛事推荐	0.161162	0.161162	[23]	生命大于一切，当然也包括篮球	1.0	2.0	0	3.0
177	42565850	yjyxdcb	0.147502	0.132752	[17]	你觉得动漫里最“好色”的角色是谁呢？	64.0	2.0	28931	156.0
178	42578490	6冠就退役	0.134810	0.134810	[17]	看球晚，巅峰时期的奥多姆到底是什么水平？	127.0	3.0	17860	246.0
179	42584561	我到底是谁的球迷呢	0.158603	0.158603	[23]	道理都懂！但这牌真不敢叫地主啊！	1.0	2.0	52874	18.0
180	42579840	福州理工学院樱木花道	0.144769	0.130292	[18]	福建选调生，这也许就是我大学生涯最大的遗憾	11.0	2.0	43233,33282	240.0
181	42592645	cgd95123	0.144210	0.129789	[23]	有没有人知道，如果第二回合姆巴佩进两球，和哈兰德谁是欧冠射手王	184.0	1.0	29571,23957,23051	8.0
182	42544850	千万别报考日语专业	0.158268	0.158268	[17]	年轻人真的要爱护自己的身体	1.0	2.0	0	286.0
183	42613797	是真的帅没办法	0.146921	0.132229	[24]	曾凡博上篮摔倒尾椎受伤，被担架抬离球场	173.0	3.0	35969,34791	169.0
184	42605090	虎扑篮球新闻	0.143609	0.129248	[17, 18]	[流言板]小凯文-波特成为NBA史上第四位砍下50+的21岁以下球员	502.0	2.0	42664,22473	334.0
185	42519698	青岚z	0.157227	0.157227	[17]	与王冰冰擦肩而过！	1.0	2.0	42755	141.0
186	42559004	3oCaRrY	0.128997	0.128997	[18]	JR们快帮我分析分析	6.0	2.0	0	84.0
187	42575995	Monza1	0.128784	0.128784	[17]	骄阳的去处	93.0	1.0	0	22.0
188	42576914	凑合过吧还能离是咋滴	0.156531	0.156531	[17, 18, 26]	野球场遇到这种人怎么办	1.0	3.0	0	261.0
189	42594459	南美栗鼠	0.141859	0.127673	[23]	欧联冠军还是欧冠亚军？	184.0	1.0	22051,23957	40.0
190	42547427	诺贝尔超可爱奖获得者	0.127194	0.127194	[18]	用心对待即将到来的婚礼	6.0	2.0	0	50.0
191	42599391	流川枫流川枫流川枫	0.154693	0.154693	[18]	大学生活真的好孤独	1.0	2.0	0	185.0
192	42593811	枫潇潇汐	0.139610	0.125649	[18]	xswl 明星被叫错名字时能有多离谱	60.0	3.0	0	107.0
193	42500992	LoveQQLY29	0.125774	0.125774	[17]	分手的四月，应该给自己买点礼物	6.0	2.0	0	168.0
194	42546163	DadyCaster	0.154103	0.154103	[18, 26]	好兄弟们大镖客求助	1.0	2.0	0	108.0
195	42523734	Akinatatta	0.139254	0.125329	[17]	【娱乐圈夫妻】打死也不会离的有哪几对	60.0	2.0	27049	608.0
196	42601458	Infiltrate	0.125338	0.125338	[18]	惊！标致508麋鹿测试94km/h！你敢信？ 今早在油管上看到的。	278.0	3.0	40356	105.0
197	42580389	阿杜拿第三冠就辞职	0.151035	0.151035	[23]	我95的，吃席为什么还把我安排在小孩桌？	1.0	2.0	0	85.0
198	42591410	WBG吃我一拳	0.124819	0.124819	[18]	微博被团灭，失误太大了	115.0	1.0	42702	37.0
199	42537021	PTRBL	0.124623	0.124623	[18]	意难平啊意难平	6.0	2.0	0	35.0
200	42546372	秋名山基地	0.155088	0.155088	[18]	各种标号的混凝土都用在哪里，你们用对型号了吗？	1.0	3.0	0	109.0
201	42581263	香椿拌Tofu	0.137347	0.123612	[23]	【欧冠红黑榜】来选出你心目中的本周欧冠最佳/最拉球员	184.0	2.0	23957	3.0
202	42550332	ChinJ	0.123589	0.123589	[26]	xdm，前女友这波什么操作？	6.0	2.0	39217	139.0
203	42560923	Aprei丶辰星	0.150908	0.150908	[18]	好怀念之前的狗头	1.0	2.0	0	106.0
204	42597332	卡梅伦艾弗森	0.120600	0.120600	[18]	奥迪A3L1000公里体验！	278.0	2.0	24021	107.0
205	42606785	nga曼殊沙华	0.120584	0.120584	[18]	【京东曼殊沙华】k40游戏增强版已到手，准备做个详细测评，各位有什么想知道的？	294.0	2.0	328196,82266	61.0
206	42608905	我的老婆是林熙蕾	0.150735	0.150735	[18]	小厨师，看到他我自自愧不如	1.0	3.0	0	154.0
207	42600465	骑龙被龙妻	0.120357	0.120357	[17]	潘子搞直播能有爽子演戏赚的多吗	59.0	1.0	198503	36.0
208	42505697	yjyxdcb	0.133158	0.119842	[17]	以下8位十分有钱的动漫女角色，谁是你的最爱？	64.0	2.0	28931	80.0
209	42567349	带带尼格罗	0.150437	0.150437	[18]	挑战一年不看白丝，今天是第364天，马上就成功了	1.0	2.0	0	147.0
210	42603753	虎扑JR2080830879	0.130650	0.117585	[18]	胡明轩的妈妈眼睛好大呀，怪不得胡明轩这么帅	173.0	1.0	32632	34.0
211	42525005	D1ckVan	0.130554	0.117498	[26]	夏日幻听无了，b站番剧区关了吧，新番没几部，还不想让人看	64.0	2.0	32085,43078,323977	60.0
212	42585463	HP的名字可以取多长我要试试	0.150298	0.150298	[23]	每年的学校运动会总有些王者和青铜，看完真的是太厉害和搞笑了！	1.0	3.0	32688	5.0
213	42551889	Mr.Bryant.	0.112631	0.112631	[18]	我给抵制炒鞋出一个方案	255.0	1.0	0	26.0
214	42536540	lzh995914948	0.129762	0.116786	[17]	大妈对着百兽团是不是有加强buff？还是说百兽团三灾六子太弱了？	64.0	2.0	23505,15964	123.0
215	42602045	看图急先锋	0.149328	0.149328	[18]	总经理，总裁，董事长，董事局主席，ceo，创始人，到底哪个大？	1.0	1.0	328052,54102	46.0
216	42563629	加拿大电鳗快电我	0.111459	0.111459	[18]	卧槽兄弟们随缘一发钟离2命	706.0	2.0	0	30.0
217	42609150	浪了乐了	0.121251	0.109126	[24]	杨鸣更衣室讲话：我们赢了但要平静，吃喝睡好准备决战	173.0	3.0	16814	206.0
218	42587563	太空人2	0.147898	0.147898	[18]	和这位老哥一起吃饭需要注意什么？	1.0	2.0	0	305.0
219	42603920	黄yyyy	0.108894	0.108894	[18]	xdm，怎么回，在线等，挺急的！	6.0	2.0	0	14.0
220	42589582	Changiingy	0.107821	0.107821	[17]	为什么没有小恶魔转职会有7小恶魔啊？	508.0	2.0	21076	47.0
221	42551355	哈登基地	0.149579	0.149579	[17]	火山岩浆挖来是干什么用的呢？	1.0	3.0	57922	206.0
222	42592172	重磅姐	0.119731	0.107758	[18]	46岁林志玲最新照片来啦，与老公上杂志封面	60.0	2.0	35859,35463	162.0
223	42600464	周公瑾666	0.107529	0.107529	[18]	可怜的瓜妹已经10天没直播了	88.0	1.0	0	153.0
224	42601118	乐常在	0.147391	0.147391	[18]	拿出你手机里最有气质的图片	1.0	2.0	0	267.0
225	42570332	反正开灯也是浪费电	0.119986	0.107987	[17]	陶喆、德普同台翻唱《一无所有》，这耶耶耶就离谱……	60.0	3.0	38498,111846,15770	70.0
226	42606925	阿圭罗的大表弟	0.118350	0.106515	[23]	欧冠4强3个门迪 足坛还有哪些像门迪一样的“大家族”	184.0	2.0	23957,32181	127.0
227	42600408	蕾酱呀	0.147223	0.147223	[18]	每一个难熬的通宵班都是靠虎扑撑下去的	1.0	2.0	40220	366.0
228	42522754	我邦惊诧	0.119564	0.107608	[17]	刘浩存的舞蹈实力如何？	60.0	1.0	178610	258.0
229	42589809	民商法基地	0.106379	0.106379	[18]	不懂就问，格林如果来CBA什么水平？	177.0	2.0	42647,16863	256.0
230	42582263	凑合过吧还能离是咋滴	0.142601	0.142601	[23]	这样朴素爱笑的女孩要30万彩礼，你愿意娶吗	1.0	3.0	20946	73.0
231	42585901	nihilum	0.119549	0.107595	[17]	不懂就问，清纯无敌的刘浩存颜值不输陈红年轻时吧？	60.0	2.0	178610,30220,81423	126.0
232	42606243	我是立青	0.105767	0.105767	[18, 24]	我离过婚最近喜欢一个男生	6.0	2.0	0	466.0
233	42543204	夏木生花	0.141939	0.141939	[17]	各大城市地铁logo集合	1.0	2.0	0	797.0
234	42493696	西山王	0.145074	0.104453	[17]	古天乐《真三国无双》	60.0	3.0	172226,40455	165.0
235	42604522	kook1237	0.115299	0.103769	[24]	看见很多讨论胡明轩冲抢篮板那球！发表一下个人看法！	173.0	1.0	32632	268.0
236	42591824	mamamia666	0.141066	0.141066	[18]	一线城市年薪35万，辞职来二线了，感觉挺香的…	1.0	2.0	0	468.0
237	42606429	窮我一生	0.102771	0.102771	[18]	这种言论兄弟们怎么看？	6.0	2.0	0	31.0
238	42586092	咳咳咳咳咳咳咳哔哔	0.115180	0.103662	[18]	原版欧皓辰怎么说	60.0	3.0	327337	68.0
239	42551306	Little_祁	0.137465	0.137465	[18]	为期三个月的快递员日记	1.0	2.0	0	16.0
240	42544367	第七舰队1	0.114039	0.102635	[17]	八爷争储失败是不是因为队友太蠢	12.0	1.0	26552	42.0
241	42603072	用户2015573633	0.113739	0.102365	[17, 24]	齐达内：我早就说马竞巴萨会丢分，你们还笑我	184.0	2.0	40839,35454,18447	153.0
242	42560168	逝水流方	0.141939	0.141939	[24]	有多少人的人生就是这么过的？	1.0	3.0	0	361.0
243	42548861	一只小恼抚	0.101741	0.101741	[18]	JR们，应届生第一份工作这个靠谱吗	10.0	2.0	17077	32.0
244	42594225	冯博克	0.113419	0.102077	[23]	本泽马与劳尔️欧冠历史射手榜并列第四️，你更希望自己主队拥有谁？	184.0	2.0	23957,35686,32266	18.0
245	42581976	我真的饱了	0.136990	0.136990	[23]	年终奖发的有点多，自己却慌了，什么水平？	1.0	1.0	0	50.0
246	42570194	重案组之虎0731	0.100879	0.100879	[26]	分手以后留了前女友送的帽子 一起去玩的火车票 一起穿过的短袖	6.0	1.0	39217	147.0
247	42509807	万福玛利亚龙希	0.108003	0.097203	[17]	哪些反派反倒很可爱？	64.0	2.0	40976	57.0
248	42560290	天天正能量	0.136980	0.136980	[18]	女子独自去宾馆开房，老板娘一口回绝！每个人都该看看！	1.0	2.0	0	70.0
249	42604458	太空人2	0.097123	0.097123	[18]	正在追一个女生，这么回答是不是凉了？	6.0	2.0	0	176.0
250	42596116	爱游戏爱体育	0.107693	0.096924	[23]	【一数据显示欧冠客场难翻盘 大巴黎这次连决赛都进不了？】	184.0	2.0	23957,18551	16.0
251	42581210	虎扑JR1616638058	0.135412	0.135412	[23]	什么食物给你十万块钱你也不肯吃？	1.0	2.0	0	71.0
252	42596710	乔丹是冠军	0.096816	0.096816	[18]	看到猎聘公司在招我的岗位…………	10.0	1.0	37621,30653,39567	26.0
253	42593938	leyu爱足球	0.107512	0.096761	[23]	欧冠历史射手榜：C罗176场134球榜首，梅西149场120球第二	184.0	2.0	26946,23957,17814	8.0
254	42579166	108哈哈	0.135298	0.135298	[17]	再见了，篮球，我不回来了。	1.0	2.0	28719	102.0
255	42603363	冰帝迹部	0.106249	0.095624	[18, 24]	业内人士谈天价片酬，有些人真的配拿这么高的片酬吗？	60.0	3.0	24434	213.0
256	42605943	话题区圆桌	0.105131	0.094618	[23]	[话题区圆桌]今年的欧冠和欧联决赛，会上演英超内战吗？	184.0	2.0	22051,23957,26431	53.0
257	42564865	步行街芳芳小卖铺	0.132912	0.132912	[26]	办公室7位女同事，求夸人的话	1.0	2.0	0	127.0
258	42545067	洛城动漫	0.104405	0.093964	[17]	《十八岁的天空》演员现状对比 !	60.0	2.0	20515,167070	124.0
259	42568827	毛毯厂	0.104212	0.093791	[23]	如若今年夺得欧冠 瓜迪奥拉是不是可以毫无争议地开启自己的曼城教父生涯	184.0	2.0	23957,32086,19031	66.0
260	42581753	我真的不懂球	0.132463	0.132463	[18]	宗馥莉快40岁了，你愿意娶她吗？	1.0	2.0	194449	189.0
261	42503538	万福玛利亚龙希	0.105482	0.094934	[17]	江南你最喜欢哪里？	12.0	2.0	36439	39.0
262	42549611	清纯基地	0.105325	0.094793	[17]	硬核枪战片	60.0	3.0	0	34.0
263	42606882	你懂个ber	0.131773	0.131773	[18]	第一次尝试了下网球	1.0	2.0	34914	220.0
264	42598776	野风0540	0.103802	0.093422	[17]	按照cba评选fmvp的公式，我辽现在谁领先啊	173.0	1.0	42647	57.0
265	42537087	虔诚的祈祷未来	0.092942	0.092942	[18]	大半夜接到前女友电话	6.0	1.0	39217	32.0
266	42583449	来自宇宙中心的忠告	0.130821	0.130821	[23]	打工人的晚餐 这在姐上什么水平	1.0	2.0	35270	12.0
267	42582957	虎扑JR0020407251	0.101526	0.091373	[23]	姆巴佩想要拿金球奖，是不是欧冠和欧洲杯要拿其中一个？	184.0	1.0	23957,23051,30283,35309	61.0
268	42558390	科尔下课滚蛋	0.088279	0.088279	[18]	今天23岁生日，心情万般复杂	6.0	1.0	0	53.0
269	42546369	王大梨子	0.129822	0.129822	[18]	公司偷偷搞了带薪拉屎榜	1.0	2.0	39567	84.0
270	42523546	银行民工想休假	0.087829	0.087829	[17]	求问有JRS知道中关村科技融资租赁这家公司吗	10.0	2.0	39567	6.0
271	42605453	东契奇圈外女友	0.087617	0.087617	[18, 24]	常规流程，小波特更衣室被队友泼水	177.0	3.0	0	354.0
272	42596248	虎扑JR1030925031	0.128407	0.128407	[18]	我不信，你还有瓜	1.0	2.0	0	504.0
273	42614555	虎扑篮球新闻	0.095441	0.085896	[17, 24]	[流言板]G2裁判报告：只有一次错判，胡明轩提前进线为正确判罚	173.0	2.0	42899,32632	273.0
274	42550931	喵喵滴滴	0.085732	0.085732	[17]	男友希望我保证自己以后不会出轨	6.0	1.0	18915	165.0
275	42568487	HP的名字可以取多长我要试试	0.128627	0.128627	[26]	才在芭提雅呆了3天，就越来越羡慕这些欧美老外了	1.0	3.0	0	60.0
276	42602332	万福玛利亚龙希	0.100792	0.090713	[17]	漫威角色中你最喜欢的三位人物是谁	60.0	2.0	32121	40.0
277	42557712	参商再不见	0.084818	0.084818	[17]	兄弟们，我好像又无了	6.0	2.0	0	190.0
278	42584442	月照长坂坡	0.126122	0.126122	[23]	学校食堂这顿饭12.5什么水平	1.0	2.0	32688	68.0
279	42611737	我真是太讨厌吃鱼了	0.095287	0.085758	[23]	欧冠决赛，卡利乌斯两次失误时各大解说员的反应是这样的	184.0	3.0	23957,276931	15.0
280	42565120	巴菲阳	0.083897	0.083897	[18, 26]	蓝白校服粉色94装嫩日记	572.0	2.0	45709	63.0
281	42543950	草帽库里	0.126018	0.126018	[18]	求助！呼吸科！体检出现肺钙化灶！	1.0	2.0	324973	146.0
282	42590860	jing210908	0.094010	0.084609	[23]	如果今年瓜拿欧冠，齐达内拿联赛，他俩执教生涯谁牛逼？	184.0	1.0	23957,35454	92.0
283	42597862	凯尓登_约翰逊	0.094364	0.084928	[18]	黑猫：打不过你我还骂不过你吗？	2.0	3.0	34647	29.0
284	42565319	没有熊的熊	0.125817	0.125817	[18]	心态崩了 给大家看看我室友多恶心	1.0	2.0	0	123.0
285	42569837	hanciqnm	0.092230	0.083007	[18]	这个“古"迹“遗址"有多假，您不会看不出来吧？	12.0	2.0	28068	69.0
286	42582360	话题区圆桌	0.091725	0.082553	[17, 23]	[话题区圆桌]两支欧冠首回合过后处于劣势的球队，谁能逆转取胜？	184.0	2.0	23957	100.0
287	42555690	upgodbili幫	0.124665	0.124665	[17]	全国最宜居的三个大城市：苏州青岛成都	1.0	1.0	42787,42867,42792	492.0
288	42496612	反正开灯也是浪费电	0.091933	0.082740	[17]	潘长江、郭德纲、岳云鹏、于谦的《大西厢》，JRS都看过吗？	60.0	3.0	34452,21637,28294,196377,23868	68.0
289	42547723	天青色等腌鱼	0.081532	0.081532	[18]	家人们，这身行头见妹子可以吗？	6.0	2.0	0	246.0
290	42501880	鲍指导	0.122933	0.122933	[26]	人生如戏，考试竟遇到前女友！	1.0	1.0	39217	65.0
291	42605409	虎扑篮球新闻	0.089761	0.080785	[17]	[流言板]小凯文-波特成为NBA历史上得到50分10助攻最年轻的球员	502.0	2.0	42664,22473	482.0
292	42601499	选择题基地	0.823745	0.082374	[17, 24]	程潇的《成人礼》舞蹈，激励你了吗	59.0	3.0	56864,27410	229.0
293	42579227	兔哥兔哥	0.122787	0.122787	[23]	【兔哥的一天】今天送了321个兔子，挣了386.5块钱	1.0	2.0	0	71.0
294	42526204	赛后基地	0.088272	0.079445	[26]	国产篮球动画《飞吧！篮球》定档5月6日 B站独播	64.0	2.0	208871,43078,25947	39.0
295	42582322	万福玛利亚龙希	0.087402	0.078662	[17]	大家觉得国内什么IP有望超越西游记？	60.0	2.0	17204,45077	24.0
296	42559654	你长的像我的猪	0.122620	0.122620	[17]	上学的时候你们老师都说过什么经典的话？	1.0	2.0	39739	375.0
297	42611103	木颜1199	0.080726	0.080726	[23]	【石匠搬运】2021年选秀西班牙新星奥斯曼-加鲁巴欧冠24+12助皇马逆转	126.0	3.0	16404,23957,29055	10.0
298	42587712	甜鱼在翻身	0.076766	0.076766	[18]	车胎扎了钉子，补胎的时候给我轮毂上贴了几块金属片是什么情况？	278.0	1.0	31210,22895	21.0
299	42586999	卑劣的	0.120100	0.120100	[18]	做自媒体快两个月，就赚了个房租钱	1.0	2.0	0	241.0
300	42591467	旋转陀螺马	0.084494	0.076045	[23]	欧冠有没有过哪组交锋，首回合输了的队，还被认为90%以上可能晋级的？	184.0	1.0	23957	32.0
301	42573697	张含韵的乌托邦	0.089713	0.080742	[17]	张含韵新疆拍摄花絮，什么水平？	60.0	3.0	21769,26846	22.0
302	42583494	心口朱砂痣	0.118474	0.118474	[23]	拖延症+懒癌晚期，还有得治吗？	1.0	2.0	0	104.0
303	42501768	格格艿坞	0.075050	0.075050	[17]	求LOL皮肤推荐	6.0	2.0	42643,21709	51.0
304	42576523	佛山键师父	0.084118	0.075706	[17]	如果上气由李小龙出演，海报完全不是一个层次	60.0	2.0	32938	51.0
305	42581329	噢我的天呐	0.117296	0.117296	[23]	辞职一年多了，老东家依然在给我缴纳公积金！	1.0	1.0	0	68.0
306	42567904	高级律师胡阳光	0.074528	0.074528	[18]	你们觉得她多久能学会王者荣耀	88.0	2.0	28358	77.0
307	42572818	演员秦岚	0.082721	0.074449	[24, 26]	终于轮到我了，我是秦岚，来跟大家聊聊天～	60.0	2.0	27366	2546.0
308	42549021	虎扑JR1457289066	0.115442	0.115442	[18, 26]	这种一般罚多少	1.0	2.0	0	99.0
309	42598415	春黛雨如烟	0.082436	0.074192	[23]	2014年的4.30日，皇马客场4-0大胜拜仁，终于挺进欧冠决赛	184.0	3.0	18530,16404,23957	109.0
310	42542426	虎扑JR2000449457	0.074157	0.074157	[18]	复合不久又想分手了	6.0	2.0	0	27.0
311	42576430	这个杀手不太姣	0.113008	0.113008	[26]	如果你遇到这种情况你会怎么做？	1.0	2.0	0	303.0
312	42597684	雷军啥时候投资我的梦想	0.074146	0.074146	[18]	巅峰期成龙能打得过库里吗	177.0	2.0	38576,16809	49.0
313	42603529	疯狂伊文戴德蒙	0.072624	0.072624	[18]	自己的前女友跟自己的好友/舍友/兄弟/铁哥们在一起了是什么体验?	6.0	2.0	39217	105.0
314	42539817	库里的总决	0.113006	0.113006	[26]	印度这波疫情会怎么结束？	1.0	1.0	42997	811.0
315	42581363	ccyandy	0.071931	0.071931	[18]	特斯拉现在在法律上是不是已经立于不败之地？	278.0	1.0	38071	76.0
316	42601389	胡萝卜去皮切成薄片	0.071563	0.071563	[18, 24]	辽宁人在广东	154.0	3.0	18579,43054	130.0
317	42588350	阿chok差点是帅哥	0.112362	0.112362	[18]	出事了朋友们	1.0	2.0	0	28.0
318	42595630	虎扑热点资讯	0.071288	0.071288	[18]	福原爱用笔记本记录江宏杰言语霸凌，你怎么看？	59.0	2.0	222038,47174	125.0
319	42562836	潜水艇洛杉矶布鲁克林大桥	0.070372	0.070372	[17]	为什么杜兰特命中率一直这么高？	177.0	2.0	32044	448.0
320	42581022	拉风的名字嗷	0.111338	0.111338	[18, 23]	你什么时候被反派的五官决定过三观	1.0	2.0	40976	61.0
321	42605756	虎扑篮球新闻	0.077797	0.070017	[18]	[流言板]小凯文-波特：被交易到火箭是福，我想成为火箭的基石球员	502.0	2.0	22473,37514	526.0
322	42601933	东契奇圈外女友	0.070045	0.070045	[18, 24]	直接冲击！杰夫-格林接球顺下隔扣桑普森	177.0	3.0	44312,28109,16863	196.0
323	42537014	蔡恩基地	0.110283	0.110283	[18]	中科院回应熟蛋返生课程，这回应什么水平	1.0	2.0	27777,32878	85.0
324	42601453	勇士退役35号	0.069858	0.069858	[24]	别人看我对象的朋友圈跟我看我对象的朋友圈	6.0	2.0	16756	498.0
325	42602323	城之蓝	0.077073	0.069366	[23]	如果，是如果，决赛，欧冠曼城vs切尔西，欧联曼联vs阿森纳，是不是有点单调？	184.0	1.0	39521,22051,23957,19031,39787,20317	127.0
326	42587521	枫潇潇汐	0.111200	0.111200	[18]	这土木工程就离谱了！	1.0	3.0	0	124.0
327	42607319	Sunshineuponme	0.065858	0.065858	[24]	科比81分那场，上半场才26分？	177.0	2.0	32172	310.0
328	42605831	做个开心的小辣鸡	0.065700	0.065700	[18]	还有23天结婚，我想放弃了	6.0	2.0	0	26.0
329	42600035	高圆圆的网恋男友	0.110221	0.110221	[18]	为什么说一个人吃火锅是一件很孤独的事	1.0	2.0	0	194.0
330	42601867	Mr凯1988	0.074968	0.067472	[17]	别说大家吐槽多 根本不知道演技可以有多烂（8）	60.0	3.0	40069	78.0
331	42606737	JRs评选	0.065346	0.065346	[17, 24]	JRs评选：小波特50分，杜兰特42分，今日最佳你选谁	177.0	2.0	32044	533.0
332	42580820	家族护卫	0.107355	0.107355	[23]	森馬YYDS	1.0	2.0	51927	68.0
333	42576515	南枝啊	0.072600	0.065340	[23]	欧冠豪门夜宴：巴黎VS曼城，竞猜思路分享	184.0	1.0	23957,19031,37257	6.0
334	42502876	小托马斯1573	0.074774	0.067297	[17]	请问这部怪物的电影叫什么？有没有大手子来说一下？	60.0	3.0	33788,37645	31.0
335	42501583	大大大大哒哒哒	0.105532	0.105532	[26]	兄弟们，又一个b站拳师装男人被识破！	1.0	2.0	43078	15.0
336	42603956	虎扑足球新闻	0.072496	0.065247	[23]	[流言板]欧足联编剧石锤！欧文大仙“四中三”欧冠欧联比分	184.0	2.0	22051,20115,23957,21991	27.0
337	42573705	切尔西核弹头	0.071416	0.064275	[17]	最讨厌的日漫角色，哪里看来的	64.0	2.0	0	69.0
338	42535940	凑合过吧还能离是咋滴	0.110869	0.110869	[26]	男子单打比赛，不料对方上了两名队员，男子遗憾落败	1.0	3.0	0	109.0
339	42588748	森沐雨杰	0.064188	0.064188	[18]	问了前女友不该问的问题	6.0	1.0	39217	61.0
340	42607063	乐邦丶时代	0.063981	0.063981	[24]	nba堪称体力怪物的有哪些球星	177.0	1.0	31042,42664	367.0
341	42508253	闪闪发光惹人爱	0.102007	0.102007	[26]	这jio怎么样，算b站第一美jio了吗？	1.0	2.0	43078	52.0
342	42597850	眉目成书_y	0.071093	0.063983	[24]	郭艾伦采访看哭了	173.0	3.0	28036	576.0
343	42582365	凍梁	0.070532	0.063479	[23]	【理性讨论】欧冠决赛如果三年内出现两次英超内战，会不会觉得无聊？	184.0	2.0	23957,26431	9.0
344	42585301	田梓麒	0.100503	0.100503	[23]	请问兄弟们k40的音量键是松的吗？	1.0	2.0	82266	16.0
345	42607780	新的开始WY	0.069558	0.062602	[18]	如何评价内地导演管虎?	60.0	2.0	35829,23131	175.0
346	42613204	伍迪艾伦的眼镜	0.062005	0.062005	[23]	最后五轮欧冠资格争夺最后的决战，我们的赛程是最艰难的	203.0	2.0	23957	18.0
347	42538949	重庆的胖xiong	0.100203	0.100203	[18]	以前想不通那些二十七八为什么还不结婚	1.0	2.0	0	150.0
348	42553913	最狂的风与最静的海	0.077008	0.061606	[17]	联盟最壮的几个后卫，科比大打小照样顶起	127.0	3.0	32172	153.0
349	42521816	贾巴里勒布朗帕克	0.061343	0.061343	[17]	留实习小公司研发岗位还是秋招冲大公司？	10.0	1.0	30653,38926,39567	10.0
350	42584748	那个喀山人	0.099981	0.099981	[23]	类似于日啖荔枝三百颗，不会作诗也会吟的诗句	1.0	1.0	38821,48239	17.0
351	42564563	有个传奇叫科比	0.061153	0.061153	[18]	前女友说我算计	6.0	1.0	39217	72.0
352	42580268	画足球漫画的阿坚	0.067075	0.060367	[23]	切尔西、曼城，欧冠决赛会不会再现英超内战？	184.0	2.0	23957,19031,39787,26431	60.0
353	42583171	75度酒精	0.099825	0.099825	[23]	肚子痛快憋不住了！在线等怎么办？！！	1.0	3.0	0	15.0
354	42601345	王师傅精益求精	0.060322	0.060322	[18]	郭德纲究竟有没有收曹云金的学费？	59.0	2.0	32609,28294	34.0
355	42608044	犯二神经病	0.059493	0.059493	[17]	NBA中，哪些球员的心酸故事一直感动着你？	177.0	2.0	42664	161.0
356	42583652	卡哇伊驾到	0.099671	0.099671	[23]	去年第一次到达街薪，前来集合	1.0	2.0	0	14.0
357	42570557	重案组之阿虎	0.066723	0.060051	[24]	周杰伦《暗号》 神级现场！	60.0	3.0	48304,37231	364.0
358	42594812	图拉丁plus	0.065593	0.059034	[23]	葡萄牙后防应该是第一档吧，佩大师欧冠的表现不用说了，还有英超第一中后卫	184.0	2.0	23957,17994,26431	36.0
359	42581570	是这个姑娘吖	0.099320	0.099320	[23]	中国护照到底有多强大？	1.0	2.0	42734	109.0
360	42604399	虎扑JR1043519018	0.057349	0.057349	[18]	火箭森林狼不要状元了？	177.0	2.0	23332,37514	45.0
361	42604206	青山见是	0.057055	0.057055	[18, 24]	你们的男朋友也要求每天互道晚安吗？	6.0	2.0	18952	309.0
362	42604061	石子明	0.098184	0.098184	[18]	老婆给了提示，10分钟后我懂了	1.0	2.0	42706	43.0
363	42588388	父慈子笑里弗斯	0.057156	0.057156	[17]	有哪些数据体现不了作用的例证？	177.0	2.0	0	178.0
364	42538892	一山影音舍	0.063315	0.056983	[18]	我是歌手历届精彩舞台回顾之张韶涵《阿刁》	63.0	3.0	175408,18147,41003	38.0
365	42577700	凑合过吧还能离是咋滴	0.097250	0.097250	[18]	网恋三个月，今天奔现了。。	1.0	2.0	40425	67.0
366	42594471	春黛雨如烟	0.062689	0.056420	[23]	再续前缘？尤文当初为什么要解雇带队意甲5连冠、意杯4连冠、两进欧冠决赛的阿莱格里	184.0	2.0	23957,35367,25305,36250	10.0
367	42546732	巅峰归来的克莱汤普森	0.062612	0.056351	[17]	五一档应该看哪部电影？	60.0	2.0	37645	152.0
368	42583446	提交后无法修改呢	0.096963	0.096963	[23]	各位jrs 有谁知道这是什么梗？	1.0	3.0	0	6.0
369	42542873	虎扑JR1954764192	0.055984	0.055984	[18]	相亲对象还没确定关系就见家长	6.0	2.0	18010	13.0
370	42586710	waterwyz	0.061765	0.055589	[23]	双双闪耀欧冠赛场，如何评价坎特与马赫雷斯的后莱斯特生涯？	184.0	2.0	33971,26276,23957,33162	24.0
371	42584060	joy的居居	0.096804	0.096804	[23]	公司免费自助——不知道第几天	1.0	2.0	39567	28.0
372	42555453	天谷千寻	0.060348	0.054313	[17]	无职圆盘初动4385不敌魔道祖师	64.0	2.0	26019	25.0
373	42609895	虎扑JR0584661032	0.053596	0.053596	[24]	女朋友怎么都好 就是太丑了，婚期将至心里很矛盾，求骂醒	6.0	1.0	32836,39820	323.0
374	42571445	科技情报站	0.096963	0.096963	[26]	不会枯萎的“人造树叶”你见过吗？	1.0	3.0	0	9.0
375	42610812	sakitumel	0.059526	0.053573	[23]	如果曼城拿欧冠 曼联拿欧联 阿根廷拿美洲杯 葡萄牙拿欧洲杯怎么分	184.0	1.0	33522,22051,23957,19031,19272,17994,30283,20317	12.0
376	42576143	笃行ing	0.053042	0.053042	[18]	加了微信，居然是研二的姐姐？！	6.0	2.0	26651	121.0
377	42584923	叶枫叶	0.095667	0.095667	[23]	帮朋友了解一下她在相亲市场竞争力	1.0	1.0	43350	64.0
378	42603513	harden开玩笑道	0.053367	0.053367	[24]	杜兰特死神依旧全场42分10助攻集锦 4/30	135.0	3.0	32044	202.0
379	42603769	关小刀砍大树	0.057739	0.051965	[23]	曼联的进攻实力还是超强的 就是关键时刻防守不行 否则也不会欧冠小组出局	184.0	1.0	23957,20317	31.0
380	42583651	考拉万箭齐发	0.094866	0.094866	[23]	如果结婚之后不能变得更好 还有意义么	1.0	1.0	0	57.0
381	42599792	输多了就佛系了	0.056378	0.050740	[18]	刘志轩这个人真是个奇才	173.0	1.0	16735	52.0
382	42555542	最狂的风与最静的海	0.052888	0.052888	[18]	【13年季后赛首轮安东尼率领尼克斯4:2凯尔特人】不愧进攻万花筒！	177.0	3.0	35009,25540,18343,22557	61.0
383	42601794	k3	0.094690	0.094690	[18]	我妈进传销了 求大伙支个招	1.0	2.0	0	165.0
384	42602791	虎扑JR0682232755	0.057270	0.051543	[23]	给他玩明白了？准确预测2场欧冠后，欧文又猜对枪手黄潜比分	184.0	2.0	23957,21991,16233	16.0
385	42573536	丹琪同学	0.055204	0.049684	[17]	明英宗其实是运气不好	12.0	1.0	47791	28.0
386	42583607	凑合过吧还能离是咋滴	0.096972	0.096972	[23, 26]	女生:我的男孩收到的第一束花绝不应该是在墓碑前	1.0	3.0	0	8.0
387	42607818	dadadaming	0.054676	0.049209	[23]	其实欧冠亚冠这些比赛最好改时间	184.0	1.0	23957,16939	4.0
388	42604675	虎扑篮球新闻	0.048636	0.048636	[18]	[赛后]雄鹿136-142火箭，霍勒迪29分10助4冒，凯文-波特50分5板11助	177.0	1.0	37252,22647,22473,37514	471.0
389	42582832	步行街7号	0.094344	0.094344	[23]	也算是没给jrs丢脸了	1.0	2.0	0	10.0
390	42594621	春黛雨如烟	0.058605	0.052745	[23]	路遥方知本泽马！17年欧冠半决赛卡尔德隆起舞，上演1v3的凌波微步狂想曲	184.0	3.0	23957,35686,30284	23.0
391	42591437	巴郡甘宁	0.053532	0.048179	[17]	为何曹操一边写生民百遗一，念之断人肠。一边却又屠城，残杀百姓	12.0	1.0	29262	64.0
392	42564510	无关凨月	0.094102	0.094102	[18]	十公斤的棉花和十公斤的铁到底为什么一样重	1.0	1.0	0	237.0
393	42558930	虎扑JR1599056141	0.053881	0.048493	[23]	本泽马进球，欧冠历史射手榜更新	184.0	1.0	23957,35686	7.0
394	42572049	八了个两啊	0.052669	0.052669	[17]	安身立命！吉米巴特勒防守精华！	177.0	3.0	34160,43882	100.0
395	42582850	球爹的哥	0.094029	0.094029	[23]	科目一没过，废了	1.0	2.0	0	41.0
396	42566557	WizardQ	0.047463	0.047463	[26]	收男人！！！各种男人！！各种没人要的男人！	6.0	1.0	0	104.0
397	42604308	用户1963025589	0.047096	0.047096	[18]	杜兰特13年为什么没拿到得分王	177.0	1.0	39404,32044	216.0
398	42535392	HP的名字可以取多长我要试试	0.095423	0.095423	[26]	科莫多巨蜥捕食水牛犊，母水牛只能看着小水牛被吃掉	1.0	3.0	47219,324537,212126	19.0
399	42593869	你拿我希尔	0.052227	0.047004	[23]	当年的切尔西比现在的曼城如何？也是年年欧冠最大热门	184.0	2.0	23957,19031,39787	12.0
400	42603750	永远都得跪着	0.046645	0.046645	[18]	昨天我还抱怨魅族18待机续航太差早上一醒我就惊呆了	294.0	2.0	42977,20091,33852	14.0
401	42582761	洪继科	0.092865	0.092865	[23]	学校表白墙 这样的女孩谁不爱	1.0	2.0	0	42.0
402	42571599	竞足小白	0.056364	0.050728	[23]	经典回顾2004欧冠巅峰阿森纳被欧冠新军切尔西逆转	184.0	3.0	39521,23957,39787	21.0
403	42612250	JokerEeeer	0.051463	0.046317	[17]	看完四大名著，最好看的难道不是水浒传吗？	12.0	1.0	34694,19643	26.0
404	42582814	乡乡拉肚子	0.092655	0.092655	[23]	我的为什么和别人的不一样	1.0	2.0	0	6.0
405	42603360	路飞vs卡二	0.049285	0.044356	[18, 23]	曼联也强了吧，感觉完全是欧冠八强水平。	184.0	1.0	23957,20317	76.0
406	42573525	丹琪同学	0.050151	0.045136	[17]	明朝奋四世之余烈，却落得土木堡之败？	12.0	1.0	262512,56725,45162	16.0
407	42583790	虎扑JR0859782129	0.092647	0.092647	[23]	来给生活压压惊孤独的奋斗继续打卡嘻嘻	1.0	2.0	0	3.0
408	42583716	虎扑JR0682232755	0.049251	0.044326	[23]	吾有一计，可助大巴黎欧冠翻盘曼城！	184.0	2.0	23957,18551,19031	13.0
409	42577958	库里带我快	0.050134	0.045121	[17]	北魏朝的尔朱荣是个军事天才，为何却是个政治侏儒？	12.0	1.0	20466,163535	63.0
410	42604487	凑合过吧还能离是咋滴	0.092169	0.092169	[18, 24]	叫你去看鱼塘，你跑这儿度假来了？	1.0	3.0	0	118.0
411	42562737	天泊孤星	0.048305	0.043475	[18]	为什么会有电影火了主演火不了的现象？	60.0	1.0	43200,37645	23.0
412	42562980	不知名编剧	0.042747	0.042747	[18]	最近在相亲单身群做了一个测试，结果震惊！	6.0	1.0	43350	15.0
413	42602945	求求你进一个吧	0.092079	0.092079	[18]	既然可以人工降雨，那可以人工停雨吗	1.0	1.0	0	35.0
414	42593985	美女基地	0.429603	0.042960	[17]	程潇的美颜合集，我心动了	59.0	3.0	27410	61.0
415	42606088	虎扑篮球新闻	0.046175	0.041558	[18]	[流言板]杜兰特砍下生涯第57次40+，现役仅次于哈登和詹姆斯	502.0	2.0	23970,38919,32044,29071	414.0
416	42583158	虎扑JR2124808968	0.091294	0.091294	[23]	是真不知道假不知道！	1.0	2.0	0	4.0
417	42587541	很要的木瓜	0.040375	0.036337	[23]	欧冠决赛和欧联杯决赛会不会都是英超内战？	184.0	1.0	23957,32794,26431	13.0
418	42602987	哈塞尔巴耶克	0.035917	0.035917	[17]	湖人不要的姐夫格林，戴德蒙真的有那么差吗	127.0	1.0	36339,16863	45.0
419	42605722	春华秋实w7	0.092169	0.092169	[18]	我有一只小绵羊啊，从来也不骑。。。	1.0	3.0	0	83.0
420	42578801	去家千里兮	0.039363	0.035427	[23]	优酷PP体育这个解说嘉宾贺宇是什么足球来头？一场欧冠半决赛的精彩比赛解说烂	184.0	1.0	23957,40311,15980	34.0
421	42590331	篮网输东决1	0.034984	0.034984	[18]	保罗为什么不能MVP？	177.0	2.0	42657,33253	277.0
422	42556028	你正儿八经的小胖墩	0.091082	0.091082	[18]	是哪两个字啊？大佬们	1.0	2.0	0	19.0
423	42570903	竞足小白	0.056071	0.040371	[23]	17-18赛季欧冠皇马1-1热刺，本泽马Vs哈里凯恩	184.0	3.0	16404,23957,35686,39854	5.0
424	42565134	wz522	0.034057	0.034057	[18]	库里一直以来最大问题就是除了得分，他对于球队帮助不够。	177.0	1.0	38576,33127	378.0
425	42584708	赤峰流川枫z	0.089954	0.089954	[23]	老哥们 有什么理财产品比余额宝更稳定的	1.0	2.0	20484,45402	14.0
426	42608943	独孤求胜大叔	0.035738	0.032164	[23]	本赛季最大的痛就是欧冠小组赛大意失荆州了	188.0	1.0	23957,20702	21.0
427	42595379	凑合过吧还能离是咋滴	0.042662	0.042662	[18]	杜兰特:我做再好也只是配角	177.0	3.0	32044	92.0
428	42583264	一炮干哈炕	0.089196	0.089196	[23]	10级中文听力考试，你能答对几道？	1.0	1.0	39677	10.0
429	42604722	虎扑篮球新闻	0.036725	0.033053	[17]	[流言板]生涯之夜！凯文-波特全场得到50分11助攻，得分创生涯新高	502.0	1.0	22647,33127,22473,29071	1711.0
430	42605702	MiaSanTPL	0.033560	0.033560	[24]	库里，就是斗地主里的最大的癞子牌	177.0	1.0	38576,45112	210.0
431	42604746	虎扑热点资讯	0.088605	0.088605	[18]	今天是国际不打小孩日！JRs小时候被父母打过吗？	1.0	2.0	45261,24958	63.0
432	42610876	Etihad之神	0.035472	0.031925	[23]	欧冠欧洲曼城专场	192.0	1.0	23957,19031,36122	9.0
433	42603091	东契奇圈外女友	0.033502	0.033502	[18]	库里三分不中，威金斯从天而降完成补扣	177.0	3.0	38576,23096	133.0
434	42571679	虎扑典藏馆	0.087888	0.087888	[17]	【每周最佳神评论】第一帖就让人见笑，是什么水平？自己的车比领导贵，还开吗？	1.0	2.0	0	12.0
435	42599253	库巴巴	0.028900	0.028900	[23]	假如巴黎欧冠再次被淘汰，姆皇来皇马的几率不就大大提高了	196.0	2.0	16404,23957,37257	19.0
436	42602391	扔牙套竖中指666	0.030190	0.030190	[18]	16中11，杜兰特为什么可以这么准	177.0	1.0	32044	181.0
437	42583445	叶尖制动器	0.085790	0.085790	[23]	第一次见面相亲女方的妈也要来	1.0	1.0	0	22.0
438	42556336	勒布朗年轻	0.038125	0.030500	[17]	施罗德今天对阵魔术关键时刻连得7分，打得越来越好了	127.0	3.0	20260,25941,16793	7.0
439	42605114	山猫篮球直播	0.028991	0.028991	[24]	库里保罗选一个当你球队的建队基石，你选谁？	177.0	2.0	38576,33253	576.0
440	42536772	沈阳鲁尼	0.084188	0.084188	[18]	有没有在施工单位上班的兄弟	1.0	2.0	0	63.0
441	42608738	布尔什维刻	0.031779	0.028601	[24]	G1的时候我真对国家队双后卫表示怀疑了	173.0	2.0	20495	166.0
442	42604840	虎扑宋仲基	0.028703	0.028703	[18]	库里带队到底什么水平	177.0	1.0	38576	243.0
443	42609046	凑合过吧还能离是咋滴	0.088767	0.088767	[18, 24]	把二十只比特和一只东北虎关在一起，老虎能坚持多久	1.0	2.0	18536,17209	300.0
444	42604421	虎扑篮球新闻	0.034210	0.030789	[17]	[流言板]德拉蒙德INS晒自己昨日比赛扣篮片段，随后关闭评论区	502.0	2.0	18857	128.0
445	42571876	印记电影	0.030188	0.027169	[17]	古天乐、王凯主演电影《真·三国无双》发布终极预告	60.0	3.0	293984,40455,38557,37645	34.0
446	42584165	猎犬	0.084145	0.084145	[23]	这个韩国人颜值能否干掉周渝民吴尊	1.0	2.0	43016,38445,26463	19.0
447	42598251	4AMliligaga	0.019696	0.019696	[17]	小海?销海！	93.0	1.0	40541	13.0
448	42584526	断剑残阳	0.019575	0.019575	[17]	[虎扑评测团]NieR Replicant：人工生命的孤帆远影，破碎世界的前尘往事	86.0	2.0	179761,40220,42765	46.0
449	42537967	三岁生小孩	0.084669	0.084669	[18, 26]	震惊！母狮子被眼镜蛇咬到居然是这个样子！	1.0	3.0	0	9.0
450	42549027	我就是我的你	0.180007	0.018001	[26]	女朋友把我和别的男的比	6.0	2.0	32836	128.0
451	42586247	饭团君CQC	0.017865	0.017865	[17]	不懂就问，为什么威金斯个人荣誉被格林全方位吊打？	124.0	2.0	23096,16863	52.0
452	42583105	心理医生赵大宝灬	0.083388	0.083388	[23]	凭什么说熟鸡蛋就不能孵出小鸡？	1.0	1.0	0	11.0
453	42606944	阿塔罗斯三世	0.029219	0.026297	[23]	踢罗马专业户！回顾06/07欧冠1/4决赛次回合曼联7-1罗马	188.0	3.0	23957,16584,20317	14.0
454	42585506	为维护第二流量鞠躬尽瘁	0.017025	0.017025	[17]	小北，mad98，小鬼	93.0	1.0	38327,18955	24.0
455	42596683	拓荒直接开冲	0.083345	0.083345	[18]	取个这样的媳妇需要注意什么	1.0	2.0	42669	77.0
456	42606170	等我操作起来	0.014691	0.014691	[17]	有一说一，皮肤加的那十点攻击力法强真的很重要吗？	88.0	2.0	15766,21709	101.0
457	42602152	东契奇圈外女友	0.019103	0.019103	[18]	主导全局！库里助攻威金斯暴扣，随后三分稳稳命中	177.0	3.0	38576,23096	146.0
458	42566463	LA湖人总冠军666	0.082425	0.082425	[18]	你一年挣多少爽？	1.0	2.0	0	12.0
459	42609472	虎扑篮球新闻	0.032601	0.029341	[17]	[流言板]多尔特四月份场均24.4分，三分球命中率46.3%	502.0	2.0	30174	120.0
460	42588003	PEL和平精英职业联赛	0.013593	0.013593	[26]	【竞猜】PEI冠军总积分能否突破240分？RNG战队能否获得一场胜利？	115.0	2.0	33313,51412,26406,42791,24859	143.0
461	42594696	虎扑热点资讯	0.084157	0.084157	[18]	日本77岁富豪结婚3个月后遭毒杀，25岁妻子被控谋杀被捕！	1.0	3.0	42957	98.0
462	42603841	worrior83	0.012134	0.012134	[24]	现在看来，蓝网当初能给跟腱断裂的杜兰特顶薪绝对高瞻远瞩！	135.0	1.0	36624,32044	277.0
463	42596998	虎扑JR1814803312	0.120129	0.012013	[18]	恋爱一周年礼物送女朋友钱包，怎么样	6.0	1.0	32836	44.0
464	42594405	清水文娱	0.082131	0.082131	[18]	怎么看董明珠说的多给一万块没用？	1.0	2.0	27241	172.0
465	42560203	虎扑JR0850679864	0.011441	0.011441	[17]	从远子哥的职场，学习到的	93.0	1.0	20517	13.0
466	42602195	虎扑JR0498211692	0.105999	0.010600	[18]	再也不跟女朋友出去玩了，闹心	6.0	1.0	32836	174.0
467	42570307	西虎基地	0.082797	0.082797	[18, 26]	韩媒报道完达山一号，你怎么看？	1.0	3.0	0	138.0
468	42613459	昏头崽罗恩	0.010527	0.010527	[24]	[赛后]重庆QG 3-0 西安WE，渝都雾散玫瑰香，QG绿林护山城	88.0	2.0	43417,42843,42989	206.0
469	42603260	QUKANQIU	0.010079	0.010079	[17, 18, 24]	【视频】吴彦祖谈哈登：很牛X 但对他的打法不太感冒 因为他总造犯规	177.0	1.0	23970,42712	291.0
470	42603962	哈哈南南	0.080960	0.080960	[18]	盲盒机票开到往返了！xdm	1.0	2.0	0	109.0
471	42581255	绿帽先锋	0.099256	0.009926	[18]	兄弟们，你们能接受别人在微博叫你女朋友老婆吗	6.0	2.0	42706,32836,42702	258.0
472	42598392	云君主	0.009842	0.009842	[17]	4am去赛场的路上这样说道：	93.0	1.0	42962,26279	12.0
473	42581283	棒棒糖放映室	0.082459	0.082459	[23]	#金星 比很多人都有资格当母亲 值得妈妈们学习的妈妈	1.0	3.0	32906	47.0
474	42595092	虎扑篮球新闻	0.028714	0.025843	[17]	[流言板]詹姆斯晒与威少场边合照：你们并不欣赏，但我们一笑而过	502.0	2.0	38919	430.0
475	42578403	将故事写成我们9	0.094209	0.009421	[17]	女朋友说这种话什么心理？？	6.0	2.0	32836	98.0
476	42583086	你连背影也迷人	0.078653	0.078653	[23]	话说兄弟们知道朋友圈卖电影票的是哪里出的便宜的票吗？	1.0	2.0	0	4.0
477	42603829	世界第一红点	0.006821	0.006821	[17]	昨晚4AM最后一把	93.0	1.0	42962	31.0
478	42542639	fishthebarber	0.056995	0.005699	[18]	女朋友不喜欢我的穿衣风格……	6.0	2.0	32836	103.0
479	42583500	美女基地	0.082167	0.082167	[23]	舞蹈的美	1.0	3.0	33845	3.0
480	42613669	艺术泰斗刘波	0.406815	0.000041	[22]	如何评价这件古董级打野装备？	85.0	2.0	17176	23.0
481	42582599	凑合过吧还能离是咋滴	0.080936	0.080936	[23]	好家伙，这眼睛快赶上李荣浩了	1.0	3.0	17476	10.0
482	42584187	天选之子_UMR	0.080276	0.080276	[23]	日本导演10年后再访大凉山：我想展现14亿中国人的多样性	1.0	3.0	35829,114667,42957,42734	15.0
483	42583819	凑合过吧还能离是咋滴	0.078990	0.078990	[23]	爱情，就是我想你了，就会出现在你的身边	1.0	3.0	32764	8.0
484	42586240	凑合过吧还能离是咋滴	0.078554	0.078554	[23]	男子防身术，收藏备用	1.0	3.0	0	5.0
485	42582670	川大小甜瓜	0.078387	0.078387	[23]	我的大学生活 Day10	1.0	2.0	33282	51.0
486	42505105	微博污污怪QaQ	0.078289	0.078289	[26]	B站游戏面试官太霸道！参与北邮校招时，炫耀资产、贬低应试者	1.0	2.0	23665,43078	16.0
487	42582079	凑合过吧还能离是咋滴	0.078255	0.078255	[23]	遇到湘妹子，要微信成功	1.0	3.0	26651	26.0
488	42581172	我仲带埋手提电话添	0.077449	0.077449	[23]	范伟的”学吧，学无止境太深了”图，有老哥有吗，最好是无水印的	1.0	1.0	16926	48.0
489	42582300	casilladan	0.077386	0.077386	[23]	能不能安排个妹妹来安慰我下	1.0	2.0	0	18.0
490	42584406	西虎基地	0.096059	0.076847	[23]	猛犬围攻大北极熊，小北极熊瑟瑟发抖。	1.0	3.0	158598	8.0
491	42585163	HP的名字可以取多长我要试试	0.076229	0.076229	[23]	钢琴演奏《可可托海的牧羊人》，优美动听，凄美深情的爱情故事！	1.0	3.0	165377,27437,42750	10.0
492	42583242	达斯lhh	0.076006	0.076006	[23]	中国空间站“天和核心舱”即将发射，让我们一起为中国航天加油	1.0	1.0	42734	5.0
493	42603155	枫潇潇汐	0.074870	0.074870	[18, 24]	虽然是他在考驾照，但是看得我好紧张…	1.0	3.0	19600	287.0
494	42591520	美女基地	0.074440	0.074440	[26]	他花费25万买了一张无限次数的机票，被人嘲笑20年，航空公司束手无策	1.0	2.0	0	47.0
495	42530376	Gloria鄧佩儀	0.074244	0.074244	[26]	b站顶级女海王，自认完爆项思醒！	1.0	2.0	43078,23132	108.0
496	42582857	虎扑热点资讯	0.074195	0.074195	[23]	听！这是中国天眼捕捉到的宇宙声音！	1.0	3.0	42734	56.0
497	42583076	Halliday可是俺祖师爷	0.074160	0.074160	[23]	在大学打架会被开除吗	1.0	2.0	33282	19.0
498	42525536	纳什Steve	0.092655	0.074124	[26]	为什么有的地方不让摸额头？	1.0	3.0	0	10.0
499	42602230	zz2020	0.074026	0.074026	[18]	当你发现公司前台特别漂亮	1.0	1.0	39567	62.0
500	42582203	西虎基地	0.092305	0.073844	[23]	野生东北虎追击猎物，风驰电掣。	1.0	3.0	45606,17209	31.0
501	42585084	西虎基地	0.073506	0.073506	[18]	这只拦路老虎的麒麟臂什么水平！！！你能抗几下？	1.0	3.0	18536	132.0
502	42507571	虎扑热点资讯	0.073319	0.073319	[26]	B站面试官回应疑贬低应试者：这些话都没说过	1.0	2.0	23665,43078	45.0
503	42581330	虎扑JR1278067211	0.073260	0.073260	[23]	【太阳系列】哇 我看见了超级太阳	1.0	3.0	0	51.0
504	42583719	沉默小默默	0.072787	0.072787	[23]	爽子事件会不会导致今年艺考生数量翻十倍？	1.0	1.0	58769	3.0
505	42583378	布luo芬	0.072619	0.072619	[23]	哈哈哈，看我老婆是不是还有几分眼光	1.0	2.0	0	7.0
506	42585260	王冰冰de绯闻男友	0.072553	0.072553	[23]	我这个工作餐什么水平？	1.0	2.0	0	4.0
507	42606550	契诃夫挂住你	0.072383	0.072383	[18]	南京南站求助，南京家人进	1.0	2.0	43046	29.0
508	42583101	别和骚韦比基友	0.090275	0.072220	[23]	那个被央视点名的男人	1.0	3.0	0	6.0
509	42548953	粤享5g超燃电竞CRDJ	0.071730	0.071730	[18]	faker竟会被要挟拍这些？满脸写着求助hhhh	1.0	3.0	43103	3.0
510	42583256	ZJleJ	0.071707	0.071707	[23]	家人们 长成这样在大学可以乱杀吗	1.0	2.0	33282	61.0
511	42583572	虎扑JR1474285493	0.070915	0.070915	[23]	为什么如今各个网络平台普遍男性发寻找配偶帖子较多？	1.0	1.0	0	11.0
512	42584131	火蜜一个	0.070708	0.070708	[23]	如何克服当众紧张啊啊啊啊？不管是体测跑个2000米，当众讲话，都极度紧张无法克制	1.0	1.0	0	4.0
513	42614685	哈登基地	0.070067	0.070067	[17]	我老婆2500块拍了套照片，划算吗？	1.0	2.0	42784	22.0
514	42582572	虎扑热点资讯	0.069188	0.069188	[23]	湘西绿皮火车票价最低仅1元，什么水平？	1.0	3.0	19025	46.0
515	42597335	虎扑热点资讯	0.068850	0.068850	[18, 24]	柳州男子骑电动车运载尸体，警方已排除刑事案件	1.0	3.0	54114,23486,26798	191.0
516	42584377	猛男陈观慧	0.068078	0.068078	[23]	德云社和本山公司谁家的徒弟最好？	1.0	2.0	20743	12.0
517	42555903	凑合过吧还能离是咋滴	0.067700	0.067700	[18]	一时间竟看不出来，这位踢毽子的中年男人是油腻还是不油腻?	1.0	3.0	0	92.0
518	42574809	我没有脑子a	0.067303	0.067303	[18]	boss里面骗人打工的公司多吗？	1.0	2.0	39567	16.0
519	42582296	虎扑热点资讯	0.066945	0.066945	[23]	特斯拉回应维修二手车退一赔三：没有欺诈、继续上诉！	1.0	3.0	38071,29339	109.0
520	42585602	美女基地	0.083613	0.066891	[23]	小狗狗有什么坏心思呢？	1.0	3.0	54733	4.0
521	42595825	我真的有点花	0.066497	0.066497	[18]	郭杰瑞刚发的视频，送快递还要小费，在想桃子吧	1.0	2.0	31171	91.0
522	42586396	虎扑热点资讯	0.066497	0.066497	[18]	男子闻味后偷走两双高跟鞋，监控记录全过程	1.0	3.0	0	76.0
523	42602180	虎扑JR0858781754	0.066219	0.066219	[18]	这张图是什么水平？	1.0	2.0	0	79.0
524	42582461	密勒补偿起作用了吗	0.066138	0.066138	[23]	Jrs，为什么南方人旅游都喜欢去长沙？	1.0	1.0	43136,43734	47.0
525	42585338	皈依缘	0.066051	0.066051	[23]	好兄弟们帮我康康	1.0	2.0	0	4.0
526	42571634	老何探房	0.065513	0.065513	[18]	一镜到底实拍上海91平小三房，总价596万，地铁到徐家汇半小时	1.0	3.0	42944,54070,58079	16.0
527	42585864	余大嘴	0.065309	0.065309	[23]	3头狼围攻北极熊，北极熊吓得惊慌失措	1.0	3.0	45618	12.0
528	42581932	哈哈哈哈欧耶	0.081423	0.065139	[23]	保罗上演了双手爆扣，震惊太阳全队！	1.0	3.0	33253,19162	24.0
529	42583728	西虎基地	0.081095	0.064876	[23]	狮子吼叫，你能听出哪个是雄狮，哪个是雌狮吗？	1.0	3.0	43861,28861,43693	4.0
530	42583410	你狼叔灰太狼	0.064816	0.064816	[23]	大盘鸡加米，怎么样？	1.0	2.0	31318	18.0
531	42583649	虎扑JR0475006406	0.064161	0.064161	[23]	为啥我做的玉米肠都不见啦，搞不懂耶	1.0	2.0	295810	9.0
532	42598767	腎虛公子	0.064149	0.064149	[18]	格局哥这波彩礼操作，什么水平？	1.0	3.0	20946	45.0
533	42595602	虎扑JR0858781754	0.064126	0.064126	[18]	怎么把拉屎说的文雅端庄一点？	1.0	2.0	0	95.0
534	42584468	心似闪电身如蜗牛	0.063923	0.063923	[23]	家人们帮小弟看看为什么被拉黑了	1.0	2.0	0	9.0
535	42579276	骑扣恩比德大帝	0.063829	0.063829	[23]	每个进NBA的球员，是不是都是天才	1.0	1.0	42664	186.0
536	42584424	极兔快递	0.063681	0.063681	[23]	劲爆劲爆！OPPO要开始造车了	1.0	1.0	42959	11.0
537	42583180	宇宙大帝老油条	0.063348	0.063348	[23]	宿舍聊起之前大学的时候的事，在公司憋笑真的好难受	1.0	2.0	33282	5.0
538	42581646	詹姆斯穿紫色	0.062696	0.062696	[18]	兄弟们，这又开始做实验了，他们自己都带口罩，我默默关上了窗	1.0	2.0	0	12.0
539	42590281	飞人帮主45	0.062566	0.062566	[18]	特斯拉当自己是衣食父母吗	1.0	2.0	38071	55.0
540	42566942	凑合过吧还能离是咋滴	0.061811	0.061811	[26]	肥鲶鱼:我也给大家上个绝活，生吞王八	1.0	3.0	326399	12.0
541	42582645	一杯街饮	0.076836	0.061469	[23]	你们喜欢超越和女性喜欢小鲜肉是不是一个道理？	1.0	3.0	45077	27.0
542	42583678	陈先生feng	0.061419	0.061419	[23]	假如我策划一款良心网游，放弃氪金，只为玩家着想，请问会大火吗？	1.0	2.0	26626,17780,43051	17.0
543	42584311	猫咪小姐呢	0.061397	0.061397	[23]	第一次发帖，送男生礼物，谢谢jrs给个建议。	1.0	2.0	0	10.0
544	42582996	星期一G6湖人总冠军	0.060843	0.060843	[23]	这几项超能力你想要哪个？	1.0	2.0	0	11.0
545	42584133	麦迪羊979797	0.060405	0.060405	[23]	兄弟们有北京开车回湖北的吗	1.0	1.0	42772,23148	15.0
546	42601855	GGhouston	0.060213	0.060213	[18]	当你知道前女友有了新的男朋友的时候，会是怎么样？	1.0	1.0	39217,18952	105.0
547	42585762	小埋姐姐	0.059716	0.059716	[23]	啊啊啊啊！我爸被微淼的理财群骗子洗脑了，我说什么都不听进去	1.0	2.0	0	5.0
548	42581952	75度酒精	0.059696	0.059696	[23]	不知道大车有盲区吗？	1.0	3.0	21852	41.0
549	42586130	无敌00J	0.059685	0.059685	[23]	兄弟们+淘宝买到这种衣服怎么办	1.0	2.0	22870,23767	4.0
550	42582345	大汉疆域	0.059105	0.059105	[23]	90年代，除了四大天王，当红男星中能演又能唱的第五人是谁？	1.0	2.0	33590,25213	56.0
551	42591281	凑合过吧还能离是咋滴	0.059077	0.059077	[18]	某男子吃烤肉时，遇到贝壳欲逃离烧烤架	1.0	3.0	0	16.0
552	42587662	虎扑热点资讯	0.058928	0.058928	[18]	湖北一商场有人高空抛裸照 ，警方：已接到报警，派出所介入调查	1.0	3.0	23148,26798	197.0
553	42585734	田径之神	0.058055	0.058055	[23]	养老的话，北海和大连哪个城市更好呢？	1.0	1.0	29830,43162	7.0
554	42584540	xynlzq	0.057554	0.057554	[23]	这个情况可以上车吗？	1.0	2.0	0	4.0
555	42584711	反复无常的阿程	0.056358	0.056358	[23]	潍坊10块的午餐	1.0	2.0	25763,47625	6.0
556	42585979	虎扑热点资讯	0.056026	0.056026	[23]	80岁老人被蛇咬拎“凶手”就医 医生：值得表扬	1.0	3.0	25267	20.0
557	42584105	ssspoony	0.055351	0.055351	[23]	放弃一志愿，心情复杂	1.0	2.0	29604	9.0
558	42581044	nofault	0.055294	0.055294	[23]	北大被清华压制了没有，各种排名很少胜出，是不是强行双娇了？	1.0	1.0	25156,26741	34.0
559	42584523	炮哥说我要去那便去	0.055223	0.055223	[23]	粉笔 中公 华图	1.0	1.0	0	4.0
560	42592380	步行街1号男神	0.054930	0.054930	[18, 26]	丈夫生前打赏女主播255w，妻子整理遗产后发现要求主播返还	1.0	3.0	18852	9.0
561	42585889	绵绵Vico	0.054905	0.054905	[23]	看看我捡的这个是什么水平	1.0	2.0	0	7.0
562	42584323	啦啦啦去	0.054738	0.054738	[23]	衣服买大了，有没有兄弟想要的	1.0	2.0	23767	15.0
563	42585899	柳先森爱吃牛肉	0.054404	0.054404	[23]	想到生娃就很焦虑	1.0	1.0	0	3.0
564	42562388	虎扑JR0487135678	0.054294	0.054294	[17]	什么工作看起来不体面，但是工资特别高?	1.0	2.0	37635,17077	236.0
565	42579048	电竞鸽神	0.054021	0.054021	[23]	看懂的，掌声。	1.0	3.0	0	29.0
566	42582940	虎扑热点资讯	0.054017	0.054017	[23]	小学厨师受伤，校长掌勺为学生做油焖大虾！你怎么看？	1.0	3.0	43751,42637,15630,306427	7.0
567	42605652	取个拉风的昵称覺	0.053532	0.053532	[18]	jrs，女生眼中是只有两个游戏吗？	1.0	2.0	42684	179.0
568	42583198	虎扑热点资讯	0.053390	0.053390	[23]	超8成买房者需贷款，95后全款买房比例最高！	1.0	2.0	44001	16.0
569	42584545	此剑名曰六千里	0.053060	0.053060	[23]	家人们都如何评价这款饮料！	1.0	2.0	36073	6.0
570	42603754	硕博圈	0.052695	0.052695	[18]	35岁破格晋升教授，41岁候选中国工程院院士！	1.0	1.0	24052,42734	42.0
571	42599076	凑合过吧还能离是咋滴	0.052153	0.052153	[18]	这位家长太生动了:金钱使中年男人面目全非	1.0	3.0	37261	48.0
572	42583452	青甘旅游基地	0.052068	0.052068	[23]	游遍青甘大环线系列 第二站 :拉脊山	1.0	2.0	327199	13.0
573	42601256	兔哥兔哥	0.051829	0.051829	[18]	【兔哥的一天】今天送了360个兔子，挣了447块钱	1.0	2.0	0	46.0
574	42591115	凑合过吧还能离是咋滴	0.050984	0.050984	[18]	罗斯回应KO张伟丽:她防守高扫腿一直是弱点	1.0	3.0	25188,35227	103.0
575	42586171	胖流氓兔	0.063648	0.050918	[23]	有一只鸭鸭抢到一条泥鳅，然后撒腿就跑。	1.0	3.0	0	3.0
576	42584635	罗伊斯必有一冠	0.050547	0.050547	[23]	詹俊去哪了？	1.0	1.0	32329	3.0
577	42586333	不知道取个啥名字好哦	0.050043	0.050043	[23]	出一个全新的包（母亲节 520送麻麻送女友可）	1.0	2.0	0	6.0
578	42591698	虎扑热点资讯	0.049755	0.049755	[17, 18]	因垄断腾讯将被处以15.4亿美元罚款	1.0	2.0	43032	465.0
579	42583071	虎扑热点资讯	0.049751	0.049751	[23]	5岁男童算数7减3算哭自己，这事你怎么看？	1.0	3.0	0	36.0
580	42584654	老圭山卡梅罗	0.049670	0.049670	[23]	全运会3对3，云南真是被上海吊着打	1.0	2.0	42944,43094,16313	7.0
581	42585712	田径之神	0.048992	0.048992	[17]	我发现跳槽工资涨10倍和在一家公司工资涨十倍，难度都很大	1.0	1.0	37635,39567	18.0
582	42585259	顶级男神	0.060991	0.048792	[23]	这个笑声什么水平？	1.0	3.0	0	5.0
583	42584410	取关基地	0.048659	0.048659	[23]	京东国行ps5送手柄和座充	1.0	2.0	20434,30908	12.0
584	42594437	虎扑热点资讯	0.048627	0.048627	[18, 26]	女生举报成都地铁发现暴露狂，女生：太恶心了！	1.0	3.0	42792	16.0
585	42582922	水土保持与荒漠化防治	0.048404	0.048404	[23]	成都规划和在建的「新城」非常多，成都为什么要建这么多「新城」？	1.0	1.0	56647,42792	9.0
586	42582713	德赫亚爸爸	0.046632	0.046632	[23]	为什么时不时就会出一部《那些年》这类型的电影	1.0	1.0	45002,37645	11.0
587	42585245	那个嗨佬不拉稀	0.046405	0.046405	[23]	抢鞋的手速抢ps5太简单	1.0	2.0	0	4.0
588	42583491	多少灵	0.045540	0.045540	[23]	许嵩第8张全创作专辑倒计时8天	1.0	2.0	23748,18846	17.0
589	42576023	虎扑热点资讯	0.045449	0.045449	[23]	感动！广西幼儿园师生被砍市民排队踊跃献血，你怎么看？	1.0	3.0	43616	289.0
590	42583513	真男人就该开扎古	0.045303	0.045303	[23]	给大家推荐两个冷门宝藏歌手	1.0	2.0	34451	9.0
591	42582887	白巧克力84	0.044825	0.044825	[23]	这周给孩子做的早餐食谱好是有点丰盛，这样的早餐小孩营养应该也够了吧...	1.0	2.0	39089,17350,21965	55.0
592	42585390	HP的名字可以取多长我要试试	0.044789	0.044789	[23]	街头游戏：用漏勺喝可乐，喝到一口就给5万块钱，真有这么难吗？	1.0	3.0	42684	3.0
593	42585377	雷军啥时候投资我的梦想	0.044193	0.044193	[23]	我是另类？	1.0	1.0	0	3.0
594	42607693	牛奶橙子老叔叔	0.042730	0.042730	[18]	我要好好把握一下喷射套餐	1.0	2.0	25454	78.0
595	42584245	美女俱乐部	0.042690	0.042690	[23]	五一去广西，大家有没有好玩且人相对较少的景点	1.0	2.0	43616,31045	16.0
596	42585589	美女基地	0.053302	0.042642	[23]	你愿意娶这样的女孩么？	1.0	3.0	0	5.0
597	42585347	逍客车主	0.042343	0.042343	[23]	张伟丽是被那一脚KO的？还是被后来补的几拳KO的？	1.0	1.0	25188	16.0
598	42586277	陳弈讯	0.042300	0.042300	[23]	保险公司连夜扛着火箭弹跑路。	1.0	3.0	36916	7.0
599	42553064	虎扑热点资讯	0.042201	0.042201	[18]	河南商贩收到4捆夹心蒜苔内藏钢筋、角铁、链条，什么水平？	1.0	3.0	24558	30.0
600	42583219	不辣的Pittt	0.042181	0.042181	[23]	这个唐尼好像伊戈达拉	1.0	2.0	17106,22548	8.0
601	42598327	龙123888	0.041673	0.041673	[17]	家人们一个月15000的工资真的不高嘛？有点怀疑自己了	1.0	2.0	37635	226.0
602	42570890	不爱熬夜的豌豆	0.041519	0.041519	[18]	欢迎英雄回家！荣归故里！	1.0	3.0	25844	6.0
603	42544418	虎扑热点资讯	0.040749	0.040749	[18]	江苏一特斯拉冲进包子店，现场已被封锁交警紧急处理	1.0	3.0	23333	46.0
604	42585197	极兔快递	0.040174	0.040174	[23]	是不是传统汽车行业太不能打了	1.0	2.0	40194	10.0
605	42585055	老邓头说未来是你的	0.038801	0.038801	[23]	刚做完普通肠镜，大家有什么想问的？	1.0	2.0	35088	4.0
606	42583016	虎扑热点资讯	0.038289	0.038289	[23]	五一假期首日预计车流量突破6000万辆，达到历史新高！	1.0	3.0	0	3.0
607	42593731	晨光小肥仔	0.038167	0.038167	[18]	印度男子为求氧气向警察下跪：“我向你下跪，救救我妈妈”	1.0	3.0	42997	126.0
608	42585722	美女基地	0.037157	0.037157	[23]	小朋友教你做奶香紫薯馒头	1.0	3.0	16578,168632,20669	4.0
609	42568899	擎天柱兔子	0.036522	0.036522	[26]	综合来看，深圳算国内最宜居的城市吗？	1.0	1.0	37349,42821	301.0
610	42582647	Amnesia824	0.034698	0.034698	[23]	美的旗下华凌空调4月1日后不附带空调遥控器，需要自己花钱买，这是什么水平？	1.0	2.0	327172,79441,21010	19.0
611	42584612	烤熟的鸭子不会飞	0.032339	0.032339	[23]	广州五一有哪里可以玩呀吃呀	1.0	2.0	42797	12.0
612	42582942	太空神侠	0.030345	0.030345	[23]	象棋里一车对两士残局，是不是只要两士走得足够好，单车也很难赢	1.0	2.0	40831	7.0
613	42584513	极意致	0.029530	0.029530	[23]	天和空间站发射！	1.0	3.0	0	5.0
614	42585411	拉风的湖人LBJ	0.027551	0.027551	[23]	忍痛卸载虎扑！！希望湖人遇神杀神。奋战二级建造师！JRS兄弟姐妹们祝我凯旋归来！	1.0	1.0	36339,40220	14.0
615	42583732	肖诗雨	0.027434	0.027434	[23]	“熟蛋返生”作者学术研讨会“讲实验”视频曝光：利用水遁火遁土遁所做的实验	1.0	1.0	0	7.0
616	42584896	虚空干饭人	0.025790	0.025790	[23]	婚姻里不是应该男女平等吗？为什么只要不顺心她就觉得是我对不起她？	1.0	2.0	30044	5.0
617	42597480	虎扑篮球新闻	0.027811	0.025030	[17]	[流言板]保罗本赛季至今中投总得分和命中率均排在联盟第一	502.0	2.0	33253,33127	390.0
618	42583517	让我一打九	0.024966	0.024966	[17, 18, 23]	纯剧情而论，英雄联盟跟魔兽世界哪个更经典？	1.0	2.0	34358,19567	76.0
619	42582727	无所谓惧qwq	0.024846	0.024846	[23]	如果丧尸大面积爆发，让你任选以下 3 个道具/能力，你会怎么选?	1.0	2.0	43124,23926,16840	14.0
620	42586467	MJ是太阳KB是月亮LJB	0.024159	0.024159	[23]	甘肃天水要买车的jr进一下呗	1.0	1.0	17129,164552	3.0
621	42603375	虎扑篮球新闻	0.025821	0.023239	[17]	[流言板]杜兰特成篮网队史首位62%以上命中率砍下40+10的球员	502.0	2.0	23124,32044	384.0
622	42609318	虎扑篮球新闻	0.025234	0.022711	[24]	[流言板]英格拉姆：当我和威廉森完全磨合后，我们将更可怕	502.0	2.0	40291,21277	252.0
623	42608649	芸芸众生中的一粒尘埃	0.022605	0.022605	[24]	吃遍盖饭第四十七天 小炒猪肝盖饭 12元	1.0	2.0	47526,24054,35927	204.0
624	42601891	虎扑篮球新闻	0.025102	0.022592	[17]	[流言板]库兹马就NFL新闻调侃：@詹姆斯，打电话给AD确保他没跳崖	502.0	2.0	16752,38919	113.0
625	42583713	西虎基地	0.028178	0.022542	[23]	阿虎，我看你面相属实有点憨。	1.0	3.0	59952	4.0
626	42603188	虎扑篮球新闻	0.023234	0.020911	[18]	[流言板]下半场发力！杜兰特全场砍下42分3篮板10助攻	502.0	1.0	32044	1501.0
627	42600223	运球运到地老天荒	0.186743	0.018674	[18]	知道大家的女朋友选了马修斯了，可以别发了吗	1.0	2.0	32836,27708	38.0
628	42575633	老佛系	0.183608	0.018361	[23]	婚期临近。女朋友才告诉我她有乙肝。后续	1.0	2.0	32836,39820	410.0
629	42584039	C默	0.016904	0.016904	[18]	肯德基疯狂星期四9.9原味鸡加脆皮鸡	1.0	2.0	176555,18973,34047	142.0
630	42582409	虎扑JR1649374277	0.015841	0.015841	[23]	4月29日全球疫情，印度新增近38万，巴西新增超7万，美法土意徳阿哥伊新增过万	1.0	2.0	30608,28177,42997	42.0
631	42570948	LawyerPeng	0.156622	0.015662	[17, 26]	很奇怪，我女朋友为啥不爱化妆呢	1.0	2.0	32836	159.0
632	42609529	虎扑篮球新闻	0.017242	0.015517	[17]	[流言板]本场失利过后，雷霆正式无缘附加赛资格，也将无缘季后赛	502.0	2.0	25540,36420	128.0
633	42582520	磁卡大肌霸	0.015467	0.015467	[23]	热血航线这波限定鹰眼怎么看	1.0	2.0	45824,39732	54.0
634	42605224	虎扑篮球新闻	0.015433	0.013890	[17, 18]	[流言板]斯蒂芬-库里4月份共命中96记三分，创NBA历史纪录	502.0	2.0	38576,38321,42664	307.0
635	42583561	萌妹纸基地	0.120744	0.012074	[23]	女明星美足系列【加 更】:snh48妹纸韩家乐，你的理想型？	1.0	2.0	45943,18474,308010	27.0
636	42582569	萌妹纸基地	0.108834	0.010883	[23]	女明星美足系列【特别篇】:蓝燕，你的理想型？	1.0	2.0	197908,18474	28.0
637	42603850	虎扑篮球新闻	0.010962	0.009865	[18]	[流言板]纳什：我只需要安排杜兰特上场，然后好事情就会发生	502.0	2.0	29088,32044	379.0
638	42582967	虎扑JR1998664731	0.009765	0.009765	[23]	在咸鱼买二手手机信得过吗？	1.0	2.0	19377,33315	13.0
639	42604965	虎扑篮球新闻	0.010633	0.009570	[17]	[流言板]难阻失利！库里全场空砍37分6篮板8助攻2抢断	502.0	1.0	38576,20328	533.0
640	42584006	Gu事的小黄花	0.086410	0.008641	[23]	动物乌托邦，你对未来动物园有什么样的遐想？	1.0	2.0	327220,26578,44991	3.0
641	42598704	虎扑篮球新闻	0.009564	0.008607	[17]	[流言板]记者点评戴维斯赛后言论：他才是那个需要打出绝望感的人	502.0	2.0	40387	260.0
642	42584352	爱华人士伏拉夫	0.080263	0.008026	[23]	女朋友很喜欢华为公主怎么办	1.0	2.0	32836	7.0
643	42582487	万相之王	0.007864	0.007864	[23]	天蚕土豆携新作《万相之王》空降虎扑  与JRs不见不散	1.0	2.0	313636,19458,162638,40220	34.0
644	42604943	虎扑篮球新闻	0.007813	0.007813	[18]	[赛后]勇士114-126森林狼，库里37分6板8助，卢比奥26分6板6助	177.0	1.0	38576,32020,23332,23739	425.0
645	42603141	虎扑篮球新闻	0.006322	0.006322	[17, 18]	[赛后]篮网130-113步行者，杜兰特42分3板10助，勒韦尔36分4板5助	177.0	1.0	23124,32044,26974	419.0
646	42584634	南极可立克	0.054829	0.005483	[23]	小胖子减肥跑鞋推荐	1.0	2.0	35758	3.0
647	42585596	江南第一美男子	0.043003	0.004300	[23]	一女子刷短视频见到一模一样的人，居然是双胞胎！	1.0	3.0	0	8.0
648	42583015	呦呦小萍	0.039313	0.003931	[23]	撸个妆，奥特莱斯逛个街吧。\n想不开的日子里，就想出去看看阳光。	1.0	2.0	0	11.0
649	42584038	詹蜜甜瓜灯哥	0.038549	0.003855	[23]	家人们，五一想去武汉玩，有啥推荐吗！？	1.0	2.0	42941	4.0
650	42585358	齐法利	0.025528	0.002553	[23]	ps5国行能冲吗？	1.0	2.0	47648	15.0
651	42600429	李黎基地	0.512418	0.000051	[17, 18, 22]	竞选虎扑最帅偷家	85.0	3.0	40220	88.0
652	42592509	只是撕破了一点大动脉而已	0.364479	0.000036	[18]	虎牙薄荷这个冰鸟太离谱了	85.0	1.0	21736,38602	14.0
653	42600059	clearlove明恋	0.338561	0.000034	[18, 26]	厂长直播看恐怖片 懂得都懂～	85.0	2.0	28999,25118	18.0
654	42586411	并不重要	0.334542	0.000033	[17, 18, 22, 26]	这种人能惯着吗	85.0	1.0	0	49.0
655	42583706	voliCD	0.317951	0.000032	[17, 22, 26]	骆歆不甘心最后一次尝试COS，大家看出来COS了啥吗？	85.0	2.0	43266,53016	130.0
656	42602659	我萌库不射三了	0.300062	0.000030	[18, 22]	关于美测试服对打野的改动	85.0	2.0	0	49.0
657	42585861	王洪宇和张思成	0.293506	0.000029	[17, 18, 22, 26]	兄弟们这个是什么意思？	85.0	2.0	0	65.0
658	42577283	AustinR1vers	0.290334	0.000029	[22]	《一头攒死》	85.0	3.0	0	31.0
659	42600950	张扬吾儿占我名字	0.289974	0.000029	[18, 22]	国服再不整治，游戏就臭了	85.0	1.0	42684,35358	77.0
660	42601232	想和你一起拉粑粑	0.286964	0.000029	[18, 22]	朋友的刀妹高地1v5	85.0	3.0	36459,24555	122.0
661	42582459	虎扑JR0035087621	0.284112	0.000028	[17, 18, 22, 26]	这脑回路把我看笑了	85.0	2.0	0	55.0
662	42556924	清清如风	0.280745	0.000028	[22]	看了西卡之前的视频，发现跟canyon也太像了，就像双胞胎一样	85.0	2.0	57124	54.0
663	42608477	西哥哥www	0.279017	0.000028	[17]	为什么乐言首播微博下全部都是让他谨慎言行？	85.0	2.0	26459,42702	21.0
664	42557370	镰仓高校诈欺师	0.275314	0.000028	[22]	请问我这个头像是日女还是瑞文	85.0	2.0	0	60.0
665	42554079	赛热芬妮胸口上的猫	0.275314	0.000028	[22]	诺克萨斯是设计师亲爹吗？	85.0	2.0	37428	50.0
666	42604569	654546545	0.265968	0.000027	[17, 22]	很久之前玩刀妹拿的一个5杀。	85.0	3.0	36459	36.0
667	42611576	这也能复出啊bo哥	0.259582	0.000026	[22]	半价进，睡衣ez和至臻ez哪个好一点?	85.0	2.0	42965	73.0
668	42602628	5lim5hady	0.258914	0.000026	[18, 22]	xdm这几个哪个可冲？	85.0	2.0	0	47.0
669	42573201	诺克萨斯之盾	0.251233	0.000025	[17, 22, 26]	什么英雄能克制佐伊？？？	85.0	1.0	25844,23966	163.0
670	42595099	芹菜炒肉yyds	0.245605	0.000025	[17, 18, 22]	不懂就问，这题答案应该是多少	85.0	2.0	0	52.0
671	42579678	海棠边的小仙人	0.242660	0.000024	[17, 22]	【考古视频】2021赛季解说Kris的广义相对论经典语录	85.0	3.0	51658,18586	19.0
672	42576648	科恩兄弟电影公司	0.240051	0.000024	[22, 26]	冰拳赛娜太上瘾了，玩了一整天都玩不够	85.0	1.0	26520	316.0
673	42602887	voliCD	0.298009	0.000024	[18, 22]	努努开W可以穿墙详解，这招BUG一般的技巧真的离谱	85.0	3.0	42681	29.0
674	42556599	天是蓝白城是红蓝	0.237352	0.000024	[18]	晚上遇到离谱玩家，破防了	85.0	2.0	17780	19.0
675	42584087	一位不愿意透露姓名的粉丝	0.236050	0.000024	[22, 26]	为什么腾讯从来都不打算治理国服演员与代练的行为吗	85.0	1.0	43032,35358	130.0
676	42590635	Quite丶boy丶cy	0.228377	0.000023	[17, 18, 26]	[流言板]RNG发布MSI首战倒计时	85.0	2.0	42967,42791	83.0
677	42610401	令尊	0.226270	0.000023	[22]	五一这作业什么水平？	85.0	2.0	0	28.0
678	42607562	吹水诗人	0.220863	0.000022	[22]	兄弟们瞎子至高和神龙二选一	85.0	1.0	23674,23822	27.0
679	42607511	绝境狂小P	0.218768	0.000022	[18, 22, 26]	冰岛离西欧挺远的，延迟会不会很高	85.0	2.0	18932	60.0
680	42594487	芹菜炒肉yyds	0.213137	0.000021	[17, 18, 22]	经典回顾，怎么评价这件装备？	85.0	2.0	17176	193.0
681	42587548	Paradoxe	0.210534	0.000021	[22]	兄弟们，来看看我这达摩是否能让亚索喊一声爹？	85.0	3.0	24212,31369	19.0
682	42572786	哈登基地	0.200324	0.000020	[22]	狗子在河道偶遇小虎，谁也不敢把对方怎么样，小虎好怂	85.0	3.0	21798,27194	37.0
683	42608733	火车叨位去a	0.199960	0.000020	[17, 18, 22]	兄弟们搜不到腾扬赛评了	85.0	2.0	328293	82.0
684	42601081	艾弗森去报警	0.198342	0.000020	[17, 18, 22, 26]	现在有什么主播梗比本人火的？	85.0	2.0	0	138.0
685	42556625	ibeat_juve	0.197893	0.000020	[18, 22]	台服低成本cos补充图	85.0	2.0	43266,25078	31.0
686	42560189	voliCD	0.195355	0.000020	[17, 18, 22]	感觉太瘦了，哪些选手你觉得需要增肥？	85.0	2.0	56250	76.0
687	42607117	孔鹅基地	0.193741	0.000019	[18, 22]	半价皮 大家都买了啥	85.0	2.0	0	81.0
688	42599467	乔老爷子手里的球	0.192828	0.000019	[18]	魔女刺太猛了，感觉会削	85.0	2.0	17620	27.0
689	42609701	帝国指令	0.191534	0.000019	[22]	轮子妈有无皮肤可冲	85.0	1.0	32328,21709	18.0
690	42599734	益达呢	0.190795	0.000019	[18, 22]	兄弟们，抢7了，win or go home	85.0	2.0	0	41.0
691	42577417	sju	0.190160	0.000019	[17, 18]	黄金晋级赛了xdm	85.0	2.0	0	23.0
692	42603404	虎扑JR0131530819	0.188488	0.000019	[18]	大伙，这是什么情况	85.0	2.0	0	15.0
693	42557457	斯帝分丶库里	0.232730	0.000019	[22]	xdm，这是脚本吗	85.0	3.0	0	70.0
694	42599869	富尔茨十年老粉	0.184458	0.000018	[18, 22]	有些时候你真不知道你队友是在用什么玩LOL	85.0	2.0	42643,31647	23.0
695	42603052	voliCD	0.230316	0.000018	[22]	有挂啊，北枫琪亚娜连杀四分钟回不了家？	85.0	3.0	0	38.0
696	42570388	虎扑JR0965421567	0.184001	0.000018	[22]	台服低成本cos一张图引起正反两方网友论战	85.0	2.0	43266,25078	57.0
697	42595511	跳跳骑士呀	0.180621	0.000018	[18, 22, 26]	这个区马上将迎来一位黄金大神	85.0	2.0	0	35.0
698	42588828	没有感情的杀手猪	0.175632	0.000018	[17, 22, 26]	有一说一，这首歌是不是一代目梗或者圣经之一？	85.0	2.0	0	94.0
699	42606543	喻余鱼幺尧妖	0.175013	0.000018	[22]	五一冲这几个皮肤怎么样	85.0	2.0	21709	62.0
700	42582186	逆风输出是这么傻	0.173353	0.000017	[18, 22]	真有人给狗起名卡子哥啊	85.0	2.0	0	71.0
701	42580427	睡前喝可乐	0.169082	0.000017	[22]	想问一下Ad玩家，对很菜女性的是否会开喷。	85.0	1.0	17780,42636	102.0
702	42609145	希望小ig能好起来	0.167044	0.000017	[22]	有没有买了DWG豹女和烬皮肤的兄弟，分享一下感觉啊	85.0	2.0	43318,29750,21709	34.0
703	42607979	盲人小画家	0.163652	0.000016	[18, 22]	他去冰岛了，店里生意咋办	85.0	2.0	18932	65.0
704	42612209	奇瑞董事长尹同跃	0.163302	0.000016	[17, 22]	[情报站]G2社交媒体更新MSI夺冠旧照：回首已恍如隔世	85.0	2.0	42899,42967,26716,43213	27.0
705	42584908	Sean_94	0.162875	0.000016	[22, 26]	最近赛娜的帖子蛮多，聊聊辅助赛娜常见的三种天赋出装	85.0	1.0	26520	73.0
706	42604895	吃饱喝足后希望第二天拉的顺畅	0.160781	0.000016	[22]	雷恩加尔。狮子狗皮肤怎么选？	85.0	1.0	62488,21709	21.0
707	42607819	顾实i	0.159375	0.000016	[22]	金克丝的丧尸皮肤为什么没有半价	85.0	2.0	16840,21709,33038	26.0
708	42592455	牛牛要炸啦	0.156434	0.000016	[18, 22]	看看大伙儿在迪士尼中是什么样子	85.0	2.0	20842	262.0
709	42561892	镜泊湖宁心	0.156098	0.000016	[17, 22]	按我的排名方式，今年许秀如果夺得msi，能不能超过皇冠，成为历史第三中单？	85.0	1.0	22673,42967,23719,42921,62831	111.0
710	42610695	所列哇多卡呐	0.154980	0.000015	[22]	道聚城这次免单活动应该还在	85.0	2.0	0	27.0
711	42553234	体系球员库日天	0.152437	0.000015	[22]	寝室开黑打出完美团战	85.0	3.0	43509,24406	68.0
712	42605664	旧城bb机一号	0.151331	0.000015	[17, 18, 22]	兄弟们太阳女孩哪个皮肤好	85.0	2.0	21709	44.0
713	42577106	谁还不是个废物呢	0.151079	0.000015	[17, 18, 22, 26]	lol为啥没有黑人选手	85.0	2.0	42643,27085	116.0
714	42588655	是哈登呀	0.150087	0.000015	[18, 26]	表面是加强肾，其实是加强……	85.0	2.0	0	49.0
715	42571736	林志杰BEAST	0.149949	0.000015	[26]	艾欧尼亚的青铜那么强的吗？	85.0	1.0	34339,15623	45.0
716	42563818	寻你一缕残香	0.149883	0.000015	[17, 22, 26]	关于RNG为什么嗯往北飞有必要科普一下竖版世界地图	85.0	2.0	42791,58494	50.0
717	42557821	Flasherman	0.148605	0.000015	[22]	这大概是匹配最精彩的偷家了	85.0	3.0	0	28.0
718	42587325	菲比沃勒布里奇	0.147742	0.000015	[18, 22]	家人们假如你是letme你会不会和打野双人成行啊？	85.0	3.0	43653	214.0
719	42557404	原味瓜子哥	0.146196	0.000015	[17]	家人们，金克丝那个皮肤最好啊？	85.0	2.0	21709,33038	59.0
720	42586688	东非大裂开	0.144568	0.000014	[17, 18, 22]	Lwx Doinb双人成刑 笑到打鸣	85.0	2.0	42659,52056,327304	27.0
721	42556548	范帕西	0.143275	0.000014	[18]	为什么RNG那组少了一个队，反而要多打两场？	85.0	1.0	42791	40.0
722	42597038	虎扑JR1800357908	0.141148	0.000014	[18, 26]	今晚训练赛，RNG会透露训练赛录像让粉丝看看嘛？	85.0	2.0	42791	54.0
723	42602697	voliCD	0.140956	0.000014	[17, 18, 22, 24, 26]	对于咱LPL玩家来说，最荡气回肠的一场比赛你觉得是哪场？	85.0	2.0	17780,42709	408.0
724	42572415	会补益的黄盖	0.140070	0.000014	[22]	乌兹绝活vn秀翻3人 1V3反杀两个	85.0	3.0	204253	67.0
725	42576410	猪皮香油怪	0.138751	0.000014	[17, 22]	灵隐寺求姻缘，阿水是不是已经社死了	85.0	2.0	39974	76.0
726	42608423	哈登基地	0.138724	0.000014	[17, 22]	MSI历史TOP20最强操作名场面，什么水平	85.0	3.0	42967	20.0
727	42609853	假寐现实两难	0.137858	0.000014	[22]	HXDM，半价皮肤怎么买炫彩啊？	85.0	1.0	21709	13.0
728	42581001	Rosebay小霸王	0.133776	0.000013	[17, 18, 22]	拳头就是这么一副B样子，教人玩游戏	85.0	2.0	16267	191.0
729	42608089	红色方的小兵	0.133151	0.000013	[18, 22]	不懂就问，你胜率最高的英雄是？	85.0	2.0	25844	226.0
730	42596879	piaolaoshi	0.130606	0.000013	[18, 22]	什么好打对抗路达摩？	85.0	1.0	24212	112.0
731	42590328	舞姿行不行	0.130275	0.000013	[26]	说knight不会玩支援型中单就离谱	85.0	2.0	22673,43375	37.0
732	42607803	虎扑JR1916384863	0.129516	0.000013	[22]	有jr买了dwg皮肤了吗？分享一下	85.0	1.0	43318,21709	69.0
733	42602941	库里是人生理想	0.129343	0.000013	[18, 22]	又菜又爱买皮肤怎么办	85.0	2.0	21709	108.0
734	42613076	梧桐树下的野狐	0.128044	0.000013	[22]	真有你的腾讯……	85.0	2.0	43032	23.0
735	42591628	LONGMystic	0.126941	0.000013	[17, 18, 22, 26]	盘点历届MSI，哪届最精彩？	85.0	2.0	42967	221.0
736	42610799	EDG替补AD	0.126536	0.000013	[22]	五五开黑节推荐一个ez皮肤	85.0	2.0	42965,29658,21709	48.0
737	42578578	瓦罗兰白银饭店	0.125665	0.000013	[17, 22]	放下曾经的罪痕和雪茄，格雷福斯是不是近期最惨的英雄？	85.0	2.0	84179,327009,47429	45.0
738	42586006	RosieTsley	0.123852	0.000012	[18, 26]	列出lol强力上单的荣誉，谁的成绩最有说服力？	85.0	1.0	42643,34499	16.0
739	42556670	虎扑JR0743546946	0.123399	0.000012	[22]	云玩家鉴定装备，萌动眼石有多少人不知道机制？	85.0	2.0	17176	122.0
740	42602869	voliCD	0.122293	0.000012	[17, 18, 22, 26]	说到Ming的代表英雄你第一时间想到什么？	85.0	2.0	58035,25844	109.0
741	42605986	654546545	0.121013	0.000012	[22]	翻到上赛季1V5 5杀的剑姬，jr们评价一下	85.0	3.0	18586,36604	28.0
742	42560455	德国boy	0.120786	0.000012	[17, 18, 22]	问个全华班的问题	85.0	1.0	0	163.0
743	42606098	虎扑JR1783521892	0.120445	0.000012	[18]	家里网络为什么会有网吧全英雄免费的标志	85.0	2.0	0	3.0
744	42585526	虎扑JR0810937302	0.120391	0.000012	[26]	理性讨论国服高端局和韩服高端局的环境差在哪里？？	85.0	2.0	25200,35358	28.0
745	42588154	小然不开心	0.119920	0.000012	[18, 22]	到底什么英雄好打诺手啊	85.0	1.0	25844	181.0
746	42586228	Akarichou	0.118374	0.000012	[17, 18, 22, 26]	为什么msc含金量比msi低	85.0	1.0	43991,42967	206.0
747	42560150	萌哒哒瓦力	0.145452	0.000012	[22]	彩旗卡特这波操作什么水平，地球上卡特天花板不为过把	85.0	3.0	17528,159278	35.0
748	42611745	虎牙红莲	0.116040	0.000012	[22]	云顶S5阵容推荐	85.0	2.0	42897,18665	15.0
749	42598180	邪见sama	0.114018	0.000011	[18, 22]	坏了，还真让西卡玩明白了，我看杨超越看着看着就觉得她像西卡，我是不是病了兄弟们	85.0	2.0	18248,32744	46.0
750	42600411	Talk_ing	0.113244	0.000011	[17, 18, 22]	我是不是匹配到阿水了。。。	85.0	2.0	39974	73.0
751	42599990	clearlove明恋	0.113001	0.000011	[22]	陪侄子一起玩耍的Theshy 你见过吗？	85.0	3.0	42880,45493	11.0
752	42600878	承渲的老公	0.112065	0.000011	[18]	Doinb直播遇演员 3打7赢了	85.0	2.0	42659	39.0
753	42587285	天选塔姆	0.111859	0.000011	[18]	截图预测谁会在MSI中carry呢~	85.0	2.0	42967	33.0
754	42608343	Kyran欧皇	0.110622	0.000011	[22]	晒单了兄弟们，都买了哪些好皮肤	85.0	2.0	21709	91.0
755	42600943	For丨Kobe	0.109634	0.000011	[17, 18]	瑞兹这个皮肤好用吗	85.0	2.0	23636,21709	31.0
756	42609662	英雄联盟大神	0.109587	0.000011	[22]	大家看看我这波小锤石能不能上MSI	85.0	3.0	42967,19356	23.0
757	42594165	棒棒糖行哥	0.109479	0.000011	[18]	【直播】TheShy：我现在不会英文，现在只能中文，英文都忘了!	85.0	3.0	42880	31.0
758	42568232	汉中王_关羽	0.108460	0.000011	[18, 22, 26]	韩援的影响力其实是一直在慢慢下降的	85.0	1.0	0	129.0
759	42606285	阿瓦隆魔术师	0.108045	0.000011	[22]	如果2020msi正常举办	85.0	1.0	0	13.0
760	42610104	潇洒哥y	0.103778	0.000010	[22]	51半价推荐个杰斯皮肤	85.0	2.0	38684,21709	58.0
761	42606618	凌水河男子技工学院校草	0.101114	0.000010	[22]	刚刚用了张体验券	85.0	2.0	0	26.0
762	42598834	pix1z	0.100981	0.000010	[17, 18, 22]	什么英雄能对线打过狗头啊？	85.0	2.0	25844,51881	265.0
763	42602587	方起鹤	0.099405	0.000010	[18]	明天就是五一了，想给别人老婆买身衣服，大家给推荐推荐	85.0	1.0	23767	35.0
764	42613775	天选塔姆	0.098332	0.000010	[22]	分享一组星守柴犬头像	85.0	2.0	37957	8.0
765	42576227	李四i	0.096244	0.000010	[18]	[赛后]虎牙中韩赛：SLD 2-2 韩国2队，团战致胜，韩国扳平比分	85.0	2.0	28529,318407,24406,43016,319533,38602	12.0
766	42611720	狂风治理指明节奏	0.094577	0.000009	[22]	但凡休赛期冰冰跟kk打两把麻将粉丝都不致于拆队	85.0	1.0	20708,59897	51.0
767	42600871	Contiflyaway	0.092744	0.000009	[22, 26]	Doinb排到AD演员又，最后看到要赢了，AD在家挂机，中路和打野高地前二打四赢了	85.0	1.0	42659,42648,24555,42636,18926	72.0
768	42581079	voliCD	0.092562	0.000009	[18, 22, 26]	不懂就问，诺手玩家最想对线什么英雄？	85.0	2.0	17780,25844,20953	93.0
769	42610517	少点谩骂多点理性讨论	0.090941	0.000009	[22]	MSI排位概况（2）DK全员大师，RNG或已经确定版本思路，C9掏出黑科技	85.0	2.0	57169,52629,42967,42791,42697,22812	14.0
770	42608367	这感觉已经不对我努力再挽回	0.090069	0.000009	[18, 22]	同样是赌狗，为什么这么多人想山泥若回来解说？	85.0	1.0	0	25.0
771	42593301	dfsrain	0.089389	0.000009	[18]	LOL里安妮这个英雄是否已经被淘汰了	85.0	1.0	42643,25844,24990	46.0
772	42607980	不是糖油是你粑粑	0.088957	0.000009	[22]	兄弟们半价皮肤这几个可以吗	85.0	2.0	21709	23.0
773	42557881	voliCD	0.087420	0.000009	[22]	当老鼠单挑螳螂在现实中会是怎样，虚空掠夺者完全碾压	85.0	3.0	35840,36609,23758	39.0
774	42558295	重度拖延大王	0.087128	0.000009	[17, 18, 22]	战马这句话是否意味深长？	85.0	2.0	30551	152.0
775	42582023	海棠边的小仙人	0.085757	0.000009	[17, 18, 22]	【考古视频】369：RNG的说要把我骰子打碎	85.0	3.0	42791,53278	30.0
776	42574753	葫芦头一点	0.084174	0.000008	[22]	国服最强主播剑魔没跑了，小超梦剑魔塔下真1V3三杀！	85.0	3.0	17652,34332,35358	46.0
777	42577755	voliCD	0.102151	0.000008	[17]	回顾The Shy路人局名场面，卢锡安后仰跳投真离谱操作？	85.0	3.0	21369,42701,29342,42703	14.0
778	42597645	小居居怪	0.080721	0.000008	[26]	灵异事件求解答	85.0	3.0	0	6.0
779	42553810	会补益的黄盖	0.080657	0.000008	[22]	UZI：16杀5W输出2V5带上野辅助究极翻盘局！	85.0	3.0	43174,42790,17641	31.0
780	42586798	打球很菜买水很快	0.079565	0.000008	[22]	我这个张飞咋样？把对面达摩治得死死的	85.0	3.0	17872,43635,24212	29.0
781	42570282	Goyt	0.078930	0.000008	[22]	【投票贴】虎扑玩梗舍我其谁，快来票选出那些最经典的梗吧！	85.0	2.0	40220	100.0
782	42596849	虎扑JR0311919085	0.077459	0.000008	[17]	想问一下jr们人均收入多少，电竞岗位10K值得去吗	85.0	1.0	30653	16.0
783	42610922	三分扣篮太空易	0.077243	0.000008	[22]	兄弟们求推荐皮肤	85.0	2.0	21709	22.0
784	42611841	俺是保安	0.077091	0.000008	[22]	我这大乱斗开局什么水平，可以竞争历史最菜吗	85.0	2.0	15876	9.0
785	42557898	少点谩骂多点理性讨论	0.075123	0.000008	[18, 22]	[情报站]LCK官方发布春季赛五杀合集，Ghost两次上榜	85.0	2.0	24932,57129,43947,26716	97.0
786	42602440	ComedesGarcons	0.074023	0.000007	[17, 18]	看了两天左手的直播 现在是rank也开始迷了	85.0	2.0	35522	61.0
787	42612180	芹菜炒肉yyds	0.073621	0.000007	[22]	leyan即将直播，回过头看，你如何评价当初这个卡BUG	85.0	2.0	43177,54457	42.0
788	42611694	股票猛飞	0.073153	0.000007	[22]	rng如果买来天使替换果子，从中单特性来说，哪方面会有提高？	85.0	1.0	22673,42791,16091,27661	38.0
789	42571861	沙口基地	0.072654	0.000007	[26]	两年前的今天 uzi拿到自己第一个冠军（第三场有亮点）	85.0	2.0	43174,24859	44.0
790	42605283	你多你也嘛	0.071381	0.000007	[22]	为啥符文法师瑞兹只能带一个主符文	85.0	1.0	22644,23636,24763	15.0
791	42608107	Pendragon	0.071312	0.000007	[22]	半价皮肤，8选5，求老哥们给给意见	85.0	2.0	21709	52.0
792	42558400	小Tian的金头盔	0.070968	0.000007	[22]	老鼠在大乱斗里是什么级别的英雄？	85.0	2.0	35840,42753,15876,25844	91.0
793	42575004	姬八酱和大白鹅	0.068476	0.000007	[22]	上路沙漠活佛对线码头菩萨谁强？	85.0	1.0	20953,38940	45.0
794	42583042	飞哥玩手游	0.067929	0.000007	[22]	云顶之弈S5：冠军的最新阵容——爆杀流丽桑卓，上分快人一步	85.0	2.0	16401,42897,24859	10.0
795	42584712	麦金白	0.067524	0.000007	[17, 22]	盲僧皮肤推荐	85.0	2.0	29414,21709	92.0
796	42608851	有辣椒还怎么吃	0.067216	0.000007	[22]	卡莎这几个皮肤哪个好？	85.0	2.0	21092,21709	55.0
797	42568399	天选塔姆	0.067102	0.000007	[18]	天选塔姆：你觉得现在的LPL算不算是第一赛区？ ​​​​	85.0	2.0	20978,42709	15.0
798	42609753	莎士比亚剧情队	0.066499	0.000007	[22]	转会期，除了tes，还有哪家是和队友比薪资要高薪的么	85.0	2.0	43130,31647	53.0
799	42598561	勇敢的Peter	0.064954	0.000006	[18, 22]	家人们，还有什么高性价比皮肤推荐吗？	85.0	2.0	21709	99.0
800	42610894	少点谩骂多点理性讨论	0.063550	0.000006	[22]	[流言板]LGD杭州主场重新开放，夏季赛LGD将重回杭州	85.0	2.0	42854,42727	15.0
801	42586928	小伙还很嫩	0.063215	0.000006	[18, 26]	以下这几位打野选手里，谁的英雄池最深？	85.0	1.0	42648,27085	41.0
802	42607335	虎扑JR0791374908	0.063077	0.000006	[17, 22]	往黑暗点来想，tabe是是不是故意的？	85.0	1.0	172098	53.0
803	42602735	voliCD	0.060721	0.000006	[18, 22]	疯狂Gank，说到“世一抓”你觉得哪些选手能被提名？	85.0	2.0	27085	24.0
804	42560825	轻拟	0.060265	0.000006	[18]	有一说一，大乱斗能不能也整个排位啊？	85.0	1.0	15876,22812	63.0
805	42607741	真男人噢也	0.060014	0.000006	[22]	跟英雄联盟相比，为啥dota没有固定的打野位？	85.0	1.0	42713,19567	11.0
806	42612952	clearlove明恋	0.059965	0.000006	[22]	外媒盘点最具标志性的 英雄与选手 组合：Uzi与薇恩，Doinb与克烈上榜	85.0	2.0	42659,25844,43174,16104,27085,43326,15967	68.0
807	42608304	JayceZhou	0.059798	0.000006	[22]	快100天了，女朋友今天给我买皮肤	85.0	2.0	21709	17.0
808	42609541	虎扑JR0170060705	0.059450	0.000006	[22]	rng粉丝现在怎么看待uzi	85.0	1.0	43174,42791	93.0
809	42607453	虎扑JR0001884605	0.059325	0.000006	[18, 22]	RNG的8场MSI比赛全是深夜档 打工仔深夜加班？	85.0	2.0	42967,42791	19.0
810	42568685	一位不愿意透露姓名的粉丝	0.058827	0.000006	[17, 22]	有没有发现，最近几年出的英雄很少叫外号，基本都是叫名字的居多了	85.0	1.0	25844	156.0
811	42606712	狂风之力丶	0.058520	0.000006	[22]	星守和睡衣ez特效是一样的吗？	85.0	1.0	42965,46859	26.0
812	42553589	方体1234	0.058507	0.000006	[18]	[战报]斗鱼中韩对抗赛：AOA队2:1 OVO队，小景死歌化身死神出山终结OVO	85.0	2.0	32081,23491,24916,175365,43705	3.0
813	42608246	红色方的小兵	0.058353	0.000006	[22]	你最喜欢哪张英雄或皮肤的原画？	85.0	2.0	25844,21709	105.0
814	42590997	7b8	0.056931	0.000006	[18]	如果lol视野机制改成只能看到英雄前面的视野会怎么样?	85.0	1.0	28480,22930,42643,25844	24.0
815	42605148	黑乎乎嘎嘎嘎	0.056861	0.000006	[22]	测试服改动：惩戒改成全等级固定伤害	85.0	2.0	22850,25114,38394	93.0
816	42573873	二狗小霖	0.056761	0.000006	[18]	莎莉这队伍总是犯同样的错误	85.0	2.0	55922,25046	30.0
817	42609707	Kobe打铁没我响丶	0.056673	0.000006	[22]	兄弟们帮我估个价呗	85.0	2.0	0	16.0
818	42599977	clearlove明恋	0.056537	0.000006	[18, 22]	Nuguri亲自演示凯南皮肤回程	85.0	3.0	30310,207812,21709	13.0
819	42602789	voliCD	0.055988	0.000006	[18, 22]	有一说一，LOL里的最强位移你觉得是哪个？	85.0	2.0	42643,25997	107.0
820	42555956	瓦罗兰白银饭店	0.054084	0.000005	[18]	为爱发电，业界劳模，有哪些选手真的很爱直播？	85.0	2.0	27085	36.0
821	42558517	贝尔我的	0.052787	0.000005	[17, 18, 22]	觉得DK暴虐其他队伍的多少都有点幼稚	85.0	1.0	57169,25046	105.0
822	42610776	Ha0J1an9	0.052655	0.000005	[22]	刀妹皮肤哪个好	85.0	2.0	36459,21709	22.0
823	42604897	虎扑JR1800357908	0.051942	0.000005	[22]	靠谱电竞最新回应	85.0	1.0	22044	29.0
824	42601354	我是正经人orz	0.050513	0.000005	[18, 22, 26]	震惊！PGG战队随队出征MSI的替补辅助选手DSN，竟是一位女选手！	85.0	2.0	327125,306998,35588,26406,42790,42967,27085	39.0
825	42609093	诸葛丞相的魔封波	0.050362	0.000005	[22]	msi版本上单回到坦克和重装战士版本了？	85.0	2.0	45461,42967,38809,42697,25582	26.0
826	42575043	fangpeng2004	0.050286	0.000005	[18]	如何评价莎莉的打野打韩队？	85.0	2.0	55922,42648	28.0
827	42595760	瑞瑞华	0.049486	0.000005	[17, 22]	大乱斗千珏叠不了印记？	85.0	2.0	15876,23303	42.0
828	42573816	勤奋的蟹老板	0.494751	0.000005	[17, 22]	周淑怡最新作品出炉，泰式风情很顶	85.0	2.0	15649	44.0
829	42604169	李元浩的正牌女友	0.049201	0.000005	[18, 22, 26]	为什么17年洲际赛LPL能以下克上，18年亚运会能夺冠	85.0	1.0	42709	26.0
830	42589590	小伙还很嫩	0.048842	0.000005	[18, 22, 26]	LPL中单谁能跟Showmaker碰一下	85.0	1.0	22673,42709,293027	126.0
831	42568912	丨陈丶	0.048283	0.000005	[18]	都把DK类比18KZ,难道不是16skt更像，s冠后上单被挖，msi遇rng	85.0	2.0	57169,42967,42791	23.0
832	42604751	我永远最喜欢小木曾雪菜	0.048268	0.000005	[18, 22]	大乱斗如果你的队友选了4个poke英雄	85.0	2.0	15876,25844,31647	46.0
833	42613019	海棠边的小仙人	0.048099	0.000005	[22]	【直播】Doinb:不要去骇客直播间说巨魔加亚索他会破防的，就像在我直播间说露露	85.0	3.0	38018,42659,20647,18590	21.0
834	42583597	少点谩骂多点理性讨论	0.047858	0.000005	[17, 18, 22]	MSI各战队选手排位概况，DK众人高效上分，Wei找到上分密码，Ming上分艰难	85.0	2.0	57169,58035,47926,26406,42967,22812,27085	34.0
835	42603612	带薪评论	0.047396	0.000005	[22]	排位一波操作自己以为好秀，但看了回放却高兴不起来了	85.0	1.0	22812	33.0
836	42608376	红色方的小兵	0.047232	0.000005	[22]	云顶之弈S5上线一天，大家感觉玩起来如何？	85.0	2.0	16401	15.0
837	42589392	夜之森小红	0.047197	0.000005	[18]	有没有英雄名或皮肤名在改过之后备受好评？	85.0	2.0	25844,21709	36.0
838	42598306	吃瓜就硬吃	0.046288	0.000005	[17, 18, 22]	靠谱电竞最新一期什么情况？	85.0	1.0	22044	65.0
839	42606393	单脚秀Theshy	0.045680	0.000005	[22]	中韩主播赛决赛前瞻——韩式打法并不可怕	85.0	2.0	24311,34618	30.0
840	42573079	太空人二	0.045157	0.000005	[26]	如何评价我的六边形战力	85.0	2.0	31404	67.0
841	42560265	voliCD	0.045081	0.000005	[22]	耳熟能详，哪些英雄的技能你都能熟练喊出名字来？	85.0	2.0	25844,20118	220.0
842	42603618	为什么要这样子嗷	0.045012	0.000005	[18, 22]	孙悟空哪个皮肤最好兄弟们！！！	85.0	2.0	35188,21709	85.0
843	42576242	深情不及久伴蜂鸟大老师	0.044368	0.000004	[17, 18, 22, 26]	LPL历史上有没有几乎零差评的选手？	85.0	2.0	42709,27085	223.0
844	42560216	voliCD	0.044219	0.000004	[22]	有哪些英雄是看起来很秀，上手发现却不是很难的？	85.0	2.0	25844	257.0
845	42590753	我就是inevitable	0.043602	0.000004	[22]	理性分析，letme是怎么一步一步把自己玩崩然后甩锅打野的	85.0	2.0	43653	54.0
846	42609946	若你不会走	0.043073	0.000004	[22]	2021第一季度PC游戏影响指数：LOL继续保持第一	85.0	2.0	42643,42684	33.0
847	42565297	虎扑JR0952707987	0.042875	0.000004	[22]	“英雄联盟”“塔罗牌”新皮肤和原始绘画展示	85.0	2.0	138868,21709,19567	48.0
848	42612525	舞姿行不行	0.042757	0.000004	[22]	还有半年，369就是自由身了，到时候会有战队疯抢吧	85.0	1.0	26406	39.0
849	42572032	虎扑JR0611017158	0.042608	0.000004	[17, 22]	还有人记得英雄联盟，改版英雄以前的台词吗？	85.0	2.0	25844,19567	121.0
850	42559953	虎扑JR1852756677	0.041847	0.000004	[17, 22]	说一下rng在msi的优劣势	85.0	2.0	42967,42791	114.0
851	42607547	Twitter基地	0.041128	0.000004	[22]	小炮皮肤怎么选	85.0	2.0	21709	65.0
852	42560312	voliCD	0.051250	0.000004	[17, 22]	火影版英雄联盟动画：佐助，你这意识不配打高分段！	85.0	3.0	18697,25947,19567	16.0
853	42611091	RWandKD	0.040886	0.000004	[22]	这次msi宝典值得买嘛？	85.0	2.0	30036,19972,42967	19.0
854	42608358	天选塔姆	0.040846	0.000004	[18, 22]	英雄联盟中有哪些皮肤是质量差但很稀有？	85.0	2.0	21709,19567	28.0
855	42560148	内马远	0.040691	0.000004	[18]	剑圣是不是大乱斗中最容易五杀英雄？	85.0	3.0	15876,25844,35499	67.0
856	42559183	萌库哇咔咔	0.040603	0.000004	[17, 22]	刷野不虚莫甘娜，carry能力更强，皎月打野才是这版本真正的答案？	85.0	2.0	24721,43124,42648,42697,29469,326091	79.0
857	42604137	冷静猫范德萨	0.040472	0.000004	[18, 22]	【皮肤鉴赏团】五一活动首次半价皮肤推荐	85.0	2.0	21709	261.0
858	42611088	捧杯吧G2	0.040203	0.000004	[22]	SN夏季赛路在何方	85.0	2.0	43238	25.0
859	42574350	轻拟	0.039943	0.000004	[18, 26]	猴子说(真猴子不是假猴子):总算知道rng为什么没有冠军了	85.0	1.0	29825,42791,24859	4.0
860	42594911	人床说	0.039878	0.000004	[22]	左手，你啥时候可以进化啊	85.0	2.0	35522	55.0
861	42583673	voliCD	0.039430	0.000004	[17, 18]	历史回顾四年前的今天：WE成为LPL联赛第6支新科冠军	85.0	2.0	42709,32631,43417,24859	68.0
862	42578705	元天上帝	0.039226	0.000004	[18, 26]	为什么各战队队员之间有些都玩得很好，就没见过有和edg队员玩的？	85.0	1.0	35892,26406,43420	36.0
863	42606985	虎扑JR1141623426	0.039106	0.000004	[18, 22]	左手现在在联盟是什么水平，如果放在市场上哪些队伍会抢？	85.0	1.0	35522,18756,25046	45.0
864	42599050	瓦罗兰白银饭店	0.038461	0.000004	[22]	高Ping战士，打游戏的时候，多少延迟是你能接受的？	85.0	2.0	54819,38809,42684	81.0
865	42598906	虎扑JR1609386696	0.038384	0.000004	[22]	还有半年，TES的Knight就是自由身了	85.0	1.0	43130	173.0
866	42594131	KO度	0.037796	0.000004	[22, 26]	RNG.knight	85.0	2.0	42791	63.0
867	42606402	Curryell	0.037213	0.000004	[18, 22, 26]	[情报站]C9官推：训练赛打的不错，快点到MSI吧	85.0	2.0	52629,42967,26716	57.0
868	42597394	虎扑JR0337947185	0.036962	0.000004	[22]	IG夏季赛想起飞	85.0	1.0	42700	54.0
869	42607852	极地大乱斗资深玩家	0.036907	0.000004	[22]	巨魔皮肤哪个比较好	85.0	2.0	38018,21709	44.0
870	42608313	红色方的小兵	0.036200	0.000004	[18, 22]	今日五一半价活动开启，一人推荐一个英雄的半价皮肤吧	85.0	2.0	25844,21709	92.0
871	42602988	voliCD	0.036164	0.000004	[22]	不懂就问，大家云顶S5都摸索出什么好上分的套路？	85.0	2.0	18665	54.0
872	42590462	圣嘉然Diana	0.035812	0.000004	[22]	[深度攻略]加入光荣的进化吧！——S11赛季维克托攻略	85.0	2.0	56453,40586,18586,39390	66.0
873	42608303	我永远最喜欢小木曾雪菜	0.035461	0.000004	[17, 22]	大乱斗哪些英雄是你觉得“狗都不玩的”	85.0	1.0	15876,25844	123.0
874	42605640	虎扑JR1347613281	0.034718	0.000003	[22]	线上和打野，永远不能互相理解	85.0	1.0	42648	86.0
875	42570025	走在河边湿了脚	0.034564	0.000003	[18]	还是想问一下jr们，EDG的上单芙兰朵是谁呀？	85.0	1.0	43420	23.0
876	42609121	詹皇永远历史第一	0.034548	0.000003	[22]	xdm这些皮肤可拿下不	85.0	2.0	43042,21709	42.0
877	42611168	虎扑JR0121731940	0.033940	0.000003	[22]	bo这个处理很正常好吧。。完全可以预料，你们为啥反应这么大?	85.0	1.0	48148	27.0
878	42597078	芹菜炒肉yyds	0.033845	0.000003	[17, 18, 22]	神装VN仍难Carry，虎牙中韩对抗半决赛 NBO 1:3 SLD，SLD进入决赛	85.0	2.0	35217,21828,24311,319533,38602,319370	68.0
879	42608373	虎扑JR0791374908	0.033060	0.000003	[18, 22]	ig和t1两个巅峰期恐怖至极的队伍如果想重返世界赛需要怎么做？	85.0	2.0	25046,44039,42700	363.0
880	42604266	少点谩骂多点理性讨论	0.032282	0.000003	[18, 22]	中单千珏？？Perkz的秘密武器？	85.0	2.0	22673,43717,23303,42878	28.0
881	42609228	联盟档案室	0.029379	0.000003	[22]	Gala:天道酬勤的RNG新神	85.0	3.0	42791,48184	20.0
882	42589730	ONE丶OKWYKD	0.028990	0.000003	[18]	这样的荣誉可否超过faker？	85.0	1.0	34499,43103	41.0
883	42605622	clearlove明恋	0.027309	0.000003	[18, 22]	DWG皮肤制作幕后花絮 Nuguri：让他们画出小浣熊的耳朵和尾巴\n	85.0	2.0	43318,207812,21709	50.0
884	42566157	夜深露重情更浓	0.027261	0.000003	[18]	个人浅见rng打DK提要	85.0	1.0	57169,42791	34.0
885	42614065	虎扑JR2071410527	0.026857	0.000003	[22]	说实话s8还好，s9那个中上不是随便换优秀中国人就能赢吗	85.0	1.0	42916,42734	30.0
886	42600075	余半仙的爸爸	0.246374	0.000002	[18, 22]	有一个一起看张嘉文的女朋友是什么体验？	85.0	2.0	32836,27063	41.0
887	42599329	林恩森凯	0.024352	0.000002	[18]	表现而论 ig在s8世界赛上谁是老二冠军	85.0	1.0	24859,42700,43007	23.0
888	42574179	龙的传人cc	0.023343	0.000002	[17, 18, 22, 26]	LOL：EDG上单真要换人了，阿布谈圣枪哥认知不够，正在考虑新人	85.0	2.0	42643,22537,34842,43420,43742	214.0
889	42610819	饿猫先森	0.022689	0.000002	[22]	英雄联盟勇敢的召唤师啊，你只能在以下几个英雄里选择一名和你结婚生子，你会选择谁？	85.0	2.0	25844,20429,19567	38.0
890	42604023	虎扑JR1234847111	0.022409	0.000002	[18, 22]	与人民电竞对话，藤井联盟生态负责人这样回应Bo事件	85.0	2.0	48148,18756,22044	35.0
891	42602676	勇士库骑士詹青春偶像	0.021997	0.000002	[18, 22]	对于iG，参考RNG，乌兹走了RNG夺冠，下赛季iG夺冠Whynot？	85.0	1.0	42791,18586,42700,204253	15.0
892	42608850	aklwe152	0.018718	0.000002	[22]	MSI宝典我直接芜湖	85.0	2.0	19972,42967	17.0
893	42560228	voliCD	0.175039	0.000002	[18]	美女来了，Rita这波变装是什么水平？	85.0	3.0	59546	7.0
894	42601369	Quite丶boy丶cy	0.016101	0.000002	[18, 22]	五一半价活动 皮肤鉴赏——战斗学院 杰斯	85.0	2.0	38684,21709	51.0
895	42598478	让乌云遮住	0.015433	0.000002	[18]	不谈其他，只谈操作，S3的faker和S8的the shy,谁更离谱	85.0	1.0	42999,43103,42703	56.0
896	42611640	股票猛飞	0.015233	0.000002	[22]	s8赛季到底jkl和uzi谁更有统治力一些？	85.0	1.0	43174,42935,18586,43007	32.0
897	42608237	汉中王_关羽	0.013947	0.000001	[18, 22]	JKL是不是冠军ad中技术最糙的那一个？	85.0	1.0	42935,24859,42636	92.0
898	42605695	叶离	0.012718	0.000001	[18, 22]	Nuguri。凯南冠军皮肤	85.0	2.0	30310,207812,24859,21709	52.0
899	42607357	krisds007	0.011297	0.000001	[18, 22]	兄弟们，乐芙兰皮肤选魔女还是ig？	85.0	2.0	27938,17620,42700,21709	37.0