0	42575009	萝卜头蓝天	0.749842	0.749842	[18]	为什么那么多人觉得鸿蒙是换皮安卓？	294.0	1.0	15674,18172	493.0
1	42614909	Rosie朴彩英基地	0.143935	0.143935	[36]	你们觉得梅西最后会去美国踢球吗	184.0	2.0	26946,42859	1.0
2	42611425	安危谁与共T风雨忆同舟	0.705140	0.634626	[24]	疑似在三亚遇到了邹雨宸	173.0	2.0	43398,28489	208.0
3	42599187	南瓜先森	0.500885	0.500885	[18]	各位马克高玩过来看看	88.0	3.0	18044	84.0
4	42578584	大湾区非著名渣男	0.470276	0.470276	[18]	冷门小Q3入手小记	278.0	2.0	0	178.0
5	42612277	我和林允儿姐弟恋	0.432287	0.432287	[17]	鹿晗一人之下	59.0	2.0	17640	40.0
6	145222	NaN	0.153348	29.902824	[0]	NaN	NaN	NaN	NaN	NaN
7	42611665	Zeratul1	0.353728	0.353728	[23]	鸿蒙推出后，能不能跟安卓，ios分庭抗礼？	1.0	1.0	15674,42780,18172	234.0
8	42573030	搬运基地	0.434426	0.390984	[24]	不要试图去感动一个女孩子	3.0	3.0	0	284.0
9	42614700	我不做瓜哥好多年	0.143935	0.143935	[36]	张镇麟超时三分慢动作gif	173.0	3.0	36788	1.0
10	42604793	小华711	0.366596	0.366596	[18]	杨超越五月行程图	59.0	2.0	18248	90.0
11	42590144	红烧排骨给我一块	0.346706	0.346706	[18]	前任闪婚了	6.0	1.0	26587	626.0
12	42591019	化而丶为鹏	0.322435	0.322435	[18]	更新鸿蒙啦	294.0	2.0	15674	174.0
13	145512	NaN	0.152775	29.791164	[0]	NaN	NaN	NaN	NaN	NaN
14	42604855	枫潇潇汐	0.376084	0.338476	[24]	这举办婚礼的场面什么水平？	3.0	3.0	19432	536.0
15	42609922	虎扑JR1324071956	0.302815	0.302815	[23, 24]	喜欢上老师，真的想再见她一面，急哭了	1.0	2.0	0	1312.0
16	42605610	追风骑士123	0.295218	0.295218	[18, 24]	双马尾赵粤造型	59.0	2.0	29840	167.0
17	42590402	MOTHER法克儿	0.284703	0.284703	[18]	终究是她输了	6.0	2.0	0	144.0
18	42583048	凑合过吧还能离是咋滴	0.313765	0.313765	[17]	极限求生!你能撑过哪一关?	1.0	3.0	327191,22185,45039	265.0
19	42588290	晨光小肥仔	0.314658	0.283192	[18]	当年背到崩溃，如今慢慢遗忘的古文。	12.0	2.0	81600	336.0
20	145134	NaN	0.152775	29.791164	[0]	NaN	NaN	NaN	NaN	NaN
21	42604178	其实我叫吴彦祖	0.281151	0.281151	[18]	白色boots如何回春？？？	255.0	2.0	60979,32295	137.0
22	42601967	upgodbili幫	0.298352	0.298352	[18]	不懂就问，北京深圳上海杭州，哪个互联网更强？	1.0	1.0	42944,42772,42821,42727,31503	434.0
23	42576182	RP8520123	0.279734	0.279734	[18]	什么样的前任忘不了？	6.0	1.0	26587	215.0
24	42601593	DNF你放哪	0.307761	0.276985	[17, 18, 24]	这应该是最诡异的进球之一了吧	184.0	3.0	0	258.0
25	42583441	76人哈登sun池田依来沙	0.290323	0.290323	[17, 18]	各位jr这眼皮上是啥	1.0	2.0	0	271.0
26	42599298	低调的低调1	0.274311	0.274311	[18]	都说银行苦，我来说几句	10.0	2.0	33617	248.0
27	145126	NaN	0.082349	16.057980	[0]	NaN	NaN	NaN	NaN	NaN
28	42560616	Kin0119	0.273334	0.273334	[18]	xdm 这个冲得不！！！	294.0	2.0	0	16.0
29	42601821	o北派四叔o	0.269313	0.269313	[18]	精装房卫生间马桶边没有插座怎么处理	13.0	1.0	38521,47290,39983	28.0
30	42592878	真猪奶茶半糖去冰	0.268316	0.268316	[18]	在职考公进面，却去不了面试	10.0	2.0	32491	211.0
31	42568303	快雪晴时	0.272233	0.272233	[18]	小米12.5就我遇到这个bug吗？	294.0	2.0	29564	55.0
32	42560213	磨撒猴	0.266230	0.266230	[26]	20年了，终于结束母胎单身了！	1.0	2.0	23618	318.0
33	42518295	Hidelove	0.294029	0.264626	[17]	学校表白墙这波什么水平？？？？	11.0	2.0	32688	85.0
34	145229	NaN	0.082016	15.993032	[0]	NaN	NaN	NaN	NaN	NaN
35	42611012	今晚绝杀	0.264011	0.264011	[24]	分手的路上	6.0	2.0	0	935.0
36	42586617	凑合过吧还能离是咋滴	0.292365	0.292365	[18]	如果可以和动漫里的人物谈恋爱，你会选谁？	1.0	1.0	28931	869.0
37	42582088	棒棒糖放映室	0.261154	0.261154	[18]	汇车时驾驶员以为对向车道开着远光灯，提醒他闪了两下，没想到人家把真的#远光灯 打	572.0	3.0	21248,37263	53.0
38	42578718	虎扑JR0114467670	0.252311	0.252311	[18]	恋爱好难，好难	6.0	2.0	32185	99.0
39	42545574	灿哈哈	0.254664	0.254664	[26]	这个系列很经典	1.0	2.0	0	172.0
40	42588948	拉稀从来不擦屁股	0.228374	0.228374	[18]	提车咯！	278.0	2.0	0	148.0
41	145135	NaN	0.082008	15.991520	[0]	NaN	NaN	NaN	NaN	NaN
42	42602766	冰帝迹部	0.280317	0.252285	[18]	这位小哥，什么水平？	3.0	3.0	0	131.0
43	42611524	故事里的炸鸡	0.253769	0.253769	[23]	jr们，你们觉得放弃一个IT公司销售总监职位，做外卖餐饮创业值得吗？	1.0	2.0	30081,39567	99.0
44	42602631	大湾区之虎曹达华	0.247594	0.247594	[18]	实在不知道她怎么想的	6.0	2.0	0	122.0
45	42598596	虎扑JR0114326593	0.225757	0.225757	[17]	什么叫真正的版本弃子	88.0	2.0	42697	26.0
46	42602120	LoveB1ind	0.250024	0.250024	[23]	她今天要结婚了	1.0	2.0	0	200.0
47	42603897	顶级男神	0.306808	0.245446	[18, 24]	这是我个人心中最符合吕布的演员，没有任何之一	59.0	3.0	32905	259.0
48	145318	NaN	0.081601	15.912130	[0]	NaN	NaN	NaN	NaN	NaN
49	42597203	睡醒了就去搞学习	0.241668	0.241668	[18]	跟前任和平分手后，是否有必要吃最后一顿散伙饭	6.0	2.0	26587	243.0
50	42607256	南北9	0.224923	0.224923	[17]	只要我拿出马克就没一个能打的	88.0	2.0	18044	152.0
51	42607114	玉玉玉玉玉玉儿	0.223322	0.223322	[23]	94年老姑娘寻个jr	1.0	2.0	0	165.0
52	42569322	枫潇潇汐	0.260523	0.234471	[18]	你有没有遇到过这种人	3.0	3.0	0	45.0
53	42604088	垮起个小狗批脸	0.226861	0.226861	[18]	男朋友太乖了，真好！	6.0	2.0	18952	132.0
54	42495848	空调蕉TAI狼	0.222695	0.222695	[17]	今天车展看到的车车和车模	1.0	2.0	20809,37562	663.0
55	145227	NaN	0.056369	10.991863	[0]	NaN	NaN	NaN	NaN	NaN
56	42607390	CJB林教练	0.220797	0.220797	[18]	电竞而论，王者的职业是不是跟路人最接近的游戏？顶级五人组动不动被路人平推！	88.0	2.0	39584,44993,42742,42684,22044	82.0
57	42564781	湖凯二人转	0.281730	0.225384	[18]	这车值多少钱	278.0	3.0	0	76.0
58	42580609	ZYX1607	0.241921	0.217729	[18]	岩井俊二《情书》内地重映定档5月20日	60.0	2.0	34932,183701	62.0
59	42592524	孙燕姿终于开演唱会啦	0.216485	0.216485	[17, 18]	我室友这波什么水平？	1.0	2.0	0	247.0
60	42602287	hongjin1111	0.220442	0.220442	[18]	外环高速亲眼目睹怒怼加塞，大快人心	278.0	2.0	0	136.0
61	42567765	LSP特种兵	0.242117	0.217905	[18]	假如你是成龙大哥，利智和张曼玉，你会选择谁？	60.0	3.0	20375,16809,30654	108.0
62	145422	NaN	0.045843	8.939467	[0]	NaN	NaN	NaN	NaN	NaN
63	42589680	徽羽	0.216485	0.216485	[18]	这个科一已过给我看傻了	1.0	2.0	0	293.0
64	42563830	阿伟追悼会	0.215257	0.215257	[18]	最后还是让女生表白了，太怂了	6.0	2.0	0	104.0
65	42584971	江南第一美男子	0.215120	0.215120	[17]	小波特的投篮热图是什么水平？	177.0	2.0	0	428.0
66	42608706	凑合过吧还能离是咋滴	0.223899	0.223899	[23]	奇!草原霸王被河道王八吓得四处躲避	1.0	3.0	44652	72.0
67	42574299	春否秋否知否	0.213216	0.213216	[17, 18]	终于，我也是加入了	6.0	2.0	0	735.0
68	42599380	马菲奥	0.207721	0.207721	[18]	为什么这些艺人出门不带保安？	59.0	2.0	24953	48.0
69	145515	NaN	0.043572	8.496531	[0]	NaN	NaN	NaN	NaN	NaN
70	42575569	晚安基地	0.210122	0.210122	[17]	肖申克的救赎到底好看在哪里	1.0	1.0	23542	846.0
71	42567447	魔幻现实的2020一年	0.299324	0.215513	[26]	安森垚这个科普博主什么水平	12.0	3.0	0	99.0
72	42604292	虎扑热点资讯	0.207614	0.207614	[18]	疑似韩东君与陈瑶恋情曝光！	59.0	2.0	23605,34984	120.0
73	42599728	是要记住哈登	0.205607	0.205607	[18]	兄弟们，这种情况怎么办	1.0	2.0	0	120.0
74	42581996	李相赫的小甜心	0.202545	0.202545	[18]	打算丁克，该怎么找对象	6.0	1.0	24946	334.0
75	42564890	你说话别那么凶	0.202512	0.202512	[18]	15万左右选什么车呢，	278.0	1.0	0	57.0
76	145312	NaN	0.039084	7.621441	[0]	NaN	NaN	NaN	NaN	NaN
77	42530657	裤裆里藏枪	0.204023	0.204023	[17]	村里的篮球场竟然弄成这个样子	1.0	2.0	0	751.0
78	42601928	极杜年华似水	0.202124	0.202124	[18]	毕业一年，给家人全换了手机	294.0	2.0	39465	192.0
79	42608217	搬运基地	0.220844	0.198760	[24]	好家伙，掀开宝贝们的被子就像开盲盒一样	2.0	3.0	0	93.0
80	42578660	Qazwsxddd	0.203723	0.203723	[18]	各位大哥们，前女友和舍友快好上了。。	1.0	2.0	39217	768.0
81	42569060	到处瞎嗑	0.196598	0.196598	[18]	创4排名摇号解析，这个有道理吗？	535.0	2.0	43380,42921	62.0
82	42560793	丁二黄	0.218365	0.196528	[17, 26]	日本的动漫产业真是丰富。。。	64.0	2.0	28931,42957	96.0
83	145132	NaN	0.039084	7.621441	[0]	NaN	NaN	NaN	NaN	NaN
84	42542878	1未生	0.202494	0.202494	[26]	现在的小朋友聊天都看不懂了，Jrs进来看看	1.0	2.0	45585	150.0
85	42565360	穆帅的小迷妹	0.191265	0.191265	[18]	他朋友圈屏蔽我了	6.0	1.0	0	30.0
86	42604422	是真的帅没办法	0.263858	0.189978	[24]	你当时的反应如何？赵继伟绝平三分，多版本欢呼庆祝	173.0	3.0	28183	358.0
87	42550498	凑合过吧还能离是咋滴	0.202066	0.202066	[17]	最强大脑张雨萱，14岁入清华，18岁直博清华数学系，这样的人真的存在吗，太可怕了	1.0	2.0	26741	325.0
88	42596766	文MJ森	0.189805	0.189805	[18]	胡明轩妈妈	153.0	2.0	32632	168.0
89	42583590	虎扑JR0238086902	0.187711	0.187711	[18]	有银行裸辞的吗	10.0	1.0	0	144.0
90	145225	NaN	0.039084	7.621441	[0]	NaN	NaN	NaN	NaN	NaN
91	42603709	冰帝迹部	0.199638	0.199638	[23]	当我们曾经是少年……	1.0	3.0	0	75.0
92	42572767	香椿拌Tofu	0.207253	0.186528	[23]	欧冠没有一粒点球进球就登上射手榜第四，本泽马是不是这个时代最受低估的前锋？	184.0	2.0	23957,35686	140.0
93	42602818	望春吉诺比利	0.202780	0.182502	[18]	[發]XDM 我哥们新开的麻将馆什么水平？	3.0	2.0	0	174.0
94	42579308	魔幻千机	0.194837	0.194837	[17]	每天给你三倍工资，连续5年不放假，你愿意吗？	1.0	1.0	37635	779.0
95	42600661	虾仁豆付	0.183583	0.183583	[18]	为什么这猫那么大！	30.0	3.0	0	77.0
96	42563250	虎扑影视资讯	0.201035	0.180931	[17]	[电影资讯] 沈腾、马丽新片《独行月球》发布杀青图，满眼都是“腾”	60.0	2.0	18001,15799,189896,26956,43708,54398	154.0
97	145513	NaN	0.029958	5.841719	[0]	NaN	NaN	NaN	NaN	NaN
98	42583096	虎扑JR2124808968	0.192837	0.192837	[17, 18]	这可能是世界难题	1.0	2.0	0	766.0
99	42542670	法理桑	0.180479	0.180479	[18]	坐标杭州，29万内能提次低配的A4吗?	278.0	1.0	42727	19.0
100	42591582	哈士不太奇	0.198381	0.178543	[18]	如果你中学时期有个这样的女同桌，会对你的人生产生什么影响?	2.0	3.0	0	79.0
101	42571605	步行街赤脚大汉	0.192837	0.192837	[26]	外卖越来越过分了…	1.0	2.0	0	236.0
102	42607828	秋名山顶老司机	0.177897	0.177897	[18]	卧槽一胖毁所有，你们猜猜这是谁	59.0	2.0	0	142.0
103	42567325	虎扑JR2033310623	0.175713	0.175713	[18]	第一次发帖，国内TOP4本硕offer比较	10.0	1.0	0	155.0
104	145511	NaN	0.023834	4.647663	[0]	NaN	NaN	NaN	NaN	NaN
105	42561106	山猫的风花雪月	0.192837	0.192837	[17]	用你的生日取个古风网名	1.0	2.0	0	586.0
106	42598487	凯尓登_约翰逊	0.197282	0.177554	[18]	点钞技能展示，谁才是王者？	2.0	3.0	39584,20118	58.0
107	42558009	给你冰可乐	0.172483	0.172483	[18]	有没有一瞬间突然很想前任	6.0	1.0	0	17.0
108	42544572	不神不经病	0.192837	0.192837	[17]	献血疼吗？	1.0	1.0	0	563.0
109	42572265	陈记hao1	0.169843	0.169843	[17]	很现实的说一个问题，还会再有全力詹吗？	127.0	2.0	0	133.0
110	42608480	一只好奇的猫	0.171210	0.171210	[18]	女朋友这样子，还能要吗？	6.0	2.0	32836	100.0
111	145509	NaN	0.023547	4.591722	[0]	NaN	NaN	NaN	NaN	NaN
112	42559746	JGalaxy	0.189117	0.189117	[18]	前端需要很强的算法知识吗	1.0	1.0	0	29.0
113	42561516	全开boy	0.188209	0.169388	[23]	欧冠总进球数，本泽马71球，莱万73球，他俩谁更适合“欧冠大杀器”称号？	184.0	2.0	23957,35686,37182	62.0
114	42610012	不想起名字1111	0.187736	0.168963	[24]	杜锋赛后大闹技术台	173.0	3.0	30362	414.0
115	42585603	丢了狗的狗	0.187652	0.187652	[17]	天和核心舱成功发射	1.0	2.0	0	185.0
116	42604584	阿森纳拉胯	0.187018	0.168316	[18]	研究生阶段如何才能让自己最大的增值？	11.0	2.0	19564	104.0
117	42598825	咪咕体育	0.187084	0.168375	[24]	【独家对话】郭艾伦：被球迷高喊MVP触动流泪 那一刻真的放下了	173.0	1.0	28036,33611	203.0
118	42484668	凑合过吧还能离是咋滴	0.182795	0.182795	[26]	现在网吧都这么狠了吗？冲500送3000?	1.0	2.0	0	133.0
119	42596329	虎扑热点资讯	0.167538	0.167538	[18]	Redmi 商标被抢注，小米上诉失败，你怎么看？	294.0	2.0	51687,29564	80.0
120	42546601	木有天分	0.166012	0.166012	[18]	准备读博，遇到了点困难。	10.0	1.0	0	17.0
121	42561980	低调的谭师	0.182795	0.182795	[18]	不懂就问，这种朋友圈是什么意思，已经明着收鱼了吗？	1.0	2.0	0	106.0
122	42604481	虎扑JR0682232755	0.183204	0.164884	[18]	不当模特可惜了！红军门将卡里乌斯最新帅照	184.0	2.0	26617,16895	30.0
123	42520033	03160811	0.161662	0.161662	[26]	前女友突然说想我	6.0	2.0	39217	133.0
124	42570527	潘长江暴扣科比	0.181001	0.181001	[17]	我去的上海车展怎么跟你们的不太一样啊	1.0	2.0	42944,37562	175.0
125	42606584	AK体育专栏	0.160751	0.160751	[18, 24]	NBA历史上有没有既拿过得分王，又拿过助攻王的球员？怎么看？	177.0	2.0	42664,39404	329.0
126	42571235	虎扑JR1135651735	0.160654	0.160654	[17]	肉赵云真的强	88.0	2.0	28527	62.0
127	42600793	FFFFFF4AM	0.180091	0.180091	[18]	除了虎扑还是什么适合摸鱼的吗	1.0	2.0	40220	975.0
128	42547191	tm回来	0.160176	0.160176	[18]	k40顶配涨价了，不应该是恢复原价了。	294.0	2.0	82266	10.0
129	42604147	拉塞尔一一杜兰特	0.159932	0.159932	[18]	在一起开心	6.0	2.0	0	59.0
130	42614174	啥都莫得	0.220558	0.176447	[23]	兄弟们，这娘们怎么说	1.0	3.0	0	19.0
131	42573831	7LGaming电竞俱乐部	0.159569	0.159569	[18]	PDL 二阶段分组	93.0	2.0	0	75.0
132	42562855	曼联波仔	0.158521	0.158521	[18]	如果让你设立一条规则让NBA变得流畅好看，你会怎么设立？	177.0	2.0	42664	356.0
133	42612735	种风养雨	0.175062	0.175062	[23]	jrs我这属于情商低吗	1.0	2.0	0	38.0
134	42613797	是真的帅没办法	0.176933	0.159240	[24]	曾凡博上篮摔倒尾椎受伤，被担架抬离球场	173.0	3.0	35969,34791	189.0
135	42578531	丹琪同学	0.157319	0.157319	[18]	程咬金是不是版本最强坦克？	88.0	2.0	19831,42697,25582	51.0
136	42613379	发型很拉风	0.172738	0.172738	[23]	福建省考 市场监督管理局，这种单位怎么样	1.0	2.0	43233	7.0
137	42582733	hhhann121	0.157185	0.157185	[26]	谢谢兄弟们，脱单了	6.0	2.0	0	70.0
138	42590166	明智之举0	0.174194	0.156775	[18]	许嵩B站账号，大家可以关注下	63.0	2.0	43078,18846	49.0
139	42606663	湖人10号梅西	0.172169	0.172169	[23, 24]	朋友圈看到的，UFO？	1.0	2.0	0	303.0
140	42603884	守护天使梦	0.156876	0.156876	[18]	有女孩子喜欢这种类型的日系男孩吗？	6.0	2.0	0	60.0
141	42575084	Orange0115	0.154378	0.154378	[18]	[赛事视频]莫凡赵云灵性蹲草零换二，这就是细节吗？	88.0	3.0	23654,60638,28527	20.0
142	42571833	不慢不离	0.171370	0.171370	[17]	飞猪花了61块开到机票盲盒、选择了宜昌……	1.0	2.0	17540,26645	376.0
143	42584993	我登喂	0.156592	0.156592	[17]	表白太仓促了	6.0	2.0	0	152.0
144	42595658	惊鸟effect	0.168412	0.151571	[17]	张居正是古往今来正常渠道获得权力最大的臣子吗？	12.0	1.0	43519	160.0
145	42588516	PP_Pro	0.167955	0.167955	[18]	为什么有的男的颜值不高 却把到了无数妹子	1.0	2.0	0	116.0
146	42591372	枫潇潇汐	0.169571	0.152614	[18]	10块钱一个人随便吃，你们看老板会亏吗	3.0	3.0	0	40.0
147	42558294	军统郑耀先	0.167411	0.150670	[17]	XDM，今天可是一个特别的日子，你们知道吗？	60.0	2.0	0	75.0
148	42543490	用户0844741880	0.167924	0.167924	[18]	继上个月拔了左边智齿后，今天去拔了右边的	1.0	2.0	22880	60.0
149	42558158	落雨了吧	0.149984	0.149984	[18]	xdm好烦啊！感觉男朋友好没有上进心啊，我快坚持不下去了！	6.0	2.0	0	111.0
150	42570023	来自哥谭小镇的格雷福斯	0.149275	0.149275	[18]	懂手机的老哥进，万分感谢	73.0	1.0	39465	46.0
151	42591200	PoisonousAn	0.165176	0.165176	[18]	用四个字形容你的长相。	1.0	2.0	0	507.0
152	42569731	天公买少年	0.162997	0.146697	[18]	多年后，张翰在节目里点了一碗牛肉面……	60.0	2.0	32435,40037	166.0
153	42568009	yjyxdcb	0.162965	0.146669	[23]	近25年的欧冠冠军主帅一览，你最欣赏谁？	184.0	2.0	23957	68.0
154	42582444	无关风月l我题序等你回	0.165063	0.165063	[17, 26]	杜小帅升级了宅男装备	1.0	2.0	17176	279.0
155	42602718	沃兰德里塔	0.155182	0.139663	[18]	有一说一，张一山是不是90后演员里演技最不行的，甚至不如他兄弟嘎子	60.0	2.0	20515,40069,20158	182.0
156	42589626	徽羽	0.137952	0.137952	[18]	来聊，结婚要让所有人知道吗？	6.0	2.0	0	230.0
157	42525050	期刊论文发表Mr王	0.162876	0.162876	[17]	毕业论文答辩流程和需知	1.0	2.0	23331,19288	244.0
158	42583821	冰帝迹部	0.152135	0.136922	[17, 18, 26]	耳朵被抓住如何破解，进来学习下	3.0	3.0	0	50.0
159	42608410	身高真的是155	0.136505	0.136505	[18, 24]	jrs，虎扑领的男朋友分手了	6.0	2.0	18952,40220	239.0
160	42599991	代表形象的好昵称	0.162837	0.162837	[18]	约到同事姐姐了，睡不着了	1.0	2.0	0	65.0
161	42564202	大哥闯江湖	0.135130	0.135130	[18]	总有人不点确定，是什么鬼？	88.0	2.0	0	4.0
162	42578490	6冠就退役	0.136047	0.136047	[17]	看球晚，巅峰时期的奥多姆到底是什么水平？	127.0	3.0	17860	246.0
163	42594258	YDevil	0.161417	0.161417	[18]	帮忙看看这是什么问题	1.0	2.0	0	103.0
164	42536858	布酱	0.147915	0.133124	[18]	【长泽和gakki】B站上线龙樱第一季，经典励志鸡汤回归。你麻，你嘎，宽叔。	60.0	2.0	222659,43078	32.0
165	42605090	虎扑篮球新闻	0.146825	0.132142	[17, 18]	[流言板]小凯文-波特成为NBA史上第四位砍下50+的21岁以下球员	502.0	2.0	42664,22473	334.0
166	42568321	枫潇潇汐	0.162106	0.162106	[17]	原来熊猫是这样变成国宝的	1.0	3.0	27335,28236	127.0
167	42592645	cgd95123	0.143655	0.129290	[23]	有没有人知道，如果第二回合姆巴佩进两球，和哈兰德谁是欧冠射手王	184.0	1.0	29571,23957,23051	8.0
168	42559004	3oCaRrY	0.127910	0.127910	[18]	JR们快帮我分析分析	6.0	2.0	0	84.0
169	42587563	太空人2	0.152528	0.152528	[18]	和这位老哥一起吃饭需要注意什么？	1.0	2.0	0	306.0
170	42559149	编号008	0.141182	0.127064	[23]	现在确实看球人很少，欧冠半决赛强强对话也没多少热度	184.0	1.0	23957	82.0
171	42550332	ChinJ	0.127304	0.127304	[26]	xdm，前女友这波什么操作？	6.0	2.0	39217	139.0
172	42576914	凑合过吧还能离是咋滴	0.161311	0.161311	[18]	野球场遇到这种人怎么办	1.0	3.0	0	261.0
173	42555833	请回答_2020	0.140504	0.126453	[17]	古代百姓晚上干啥？	12.0	1.0	44968	128.0
174	42547427	诺贝尔超可爱奖获得者	0.126769	0.126769	[18]	用心对待即将到来的婚礼	6.0	2.0	0	50.0
175	42546163	DadyCaster	0.152477	0.152477	[18, 26]	好兄弟们大镖客求助	1.0	2.0	0	108.0
176	42549185	冰帝迹部	0.150614	0.135553	[26]	综艺路人的搞笑名场面合集，今天的快乐源泉！	60.0	3.0	26588	39.0
177	42594459	南美栗鼠	0.137172	0.123455	[23]	欧联冠军还是欧冠亚军？	184.0	1.0	22051,23957	40.0
178	42584713	炮大张	0.151969	0.151969	[18]	为什么想在俄罗斯定居这么麻烦＋困难	1.0	2.0	43196	155.0
179	42597332	卡梅伦艾弗森	0.123052	0.123052	[18]	奥迪A3L1000公里体验！	278.0	2.0	24021	109.0
180	42593811	枫潇潇汐	0.137589	0.123830	[18]	xswl 明星被叫错名字时能有多离谱	60.0	3.0	0	107.0
181	42614889	乘龙御凤	0.151860	0.151860	[23]	求助，朋友怀孕30周查出这个怎么办？	1.0	2.0	0	7.0
182	42581263	香椿拌Tofu	0.136679	0.123011	[23]	【欧冠红黑榜】来选出你心目中的本周欧冠最佳/最拉球员	184.0	2.0	23957	3.0
183	42537021	PTRBL	0.122317	0.122317	[18]	意难平啊意难平	6.0	2.0	0	35.0
184	42550309	妖化冰龍	0.157995	0.157995	[18, 26]	外卖箱里的女儿融化很多人的心	1.0	3.0	0	187.0
185	42523734	Akinatatta	0.135488	0.121939	[17]	【娱乐圈夫妻】打死也不会离的有哪几对	60.0	2.0	27049	609.0
186	42579840	福州理工学院樱木花道	0.134360	0.120924	[18]	福建选调生，这也许就是我大学生涯最大的遗憾	11.0	2.0	43233,33282	241.0
187	42614059	哈登登蹬噔MVP	0.151034	0.151034	[23]	食堂要vx后后续，今晚我破防了	1.0	2.0	43458	17.0
188	42601458	Infiltrate	0.120381	0.120381	[18]	惊！标致508麋鹿测试94km/h！你敢信？ 今早在油管上看到的。	278.0	3.0	40356	105.0
189	42514943	獨孤誠	0.131855	0.118669	[17]	这道题基本上就是文理双杀？	2.0	2.0	0	106.0
190	42602045	看图急先锋	0.150789	0.150789	[18]	总经理，总裁，董事长，董事局主席，ceo，创始人，到底哪个大？	1.0	1.0	328052,54102	46.0
191	42606785	nga曼殊沙华	0.117555	0.117555	[18]	【京东曼殊沙华】k40游戏增强版已到手，准备做个详细测评，各位有什么想知道的？	294.0	2.0	328196,82266	61.0
192	42591410	WBG吃我一拳	0.117006	0.117006	[18]	微博被团灭，失误太大了	115.0	1.0	42702	37.0
193	42610836	苗可秀	0.157158	0.157158	[23]	没想到你是这样的吴京，看到女上司就动歪脑筋	1.0	3.0	27568	21.0
194	42603753	虎扑JR2080830879	0.126626	0.113964	[18]	胡明轩的妈妈眼睛好大呀，怪不得胡明轩这么帅	173.0	1.0	32632	38.0
195	42525005	D1ckVan	0.125731	0.113158	[26]	夏日幻听无了，b站番剧区关了吧，新番没几部，还不想让人看	64.0	2.0	32085,43078,323977	60.0
196	42612459	快乐的阿兰那行者	0.148132	0.148132	[23]	如果当十辈子乞丐可以换一辈子富豪	1.0	2.0	0	37.0
197	42563629	加拿大电鳗快电我	0.112895	0.112895	[18]	卧槽兄弟们随缘一发钟离2命	706.0	2.0	0	30.0
198	42600464	周公瑾666	0.111132	0.111132	[18]	可怜的瓜妹已经10天没直播了	88.0	1.0	0	153.0
199	42546372	秋名山基地	0.146847	0.146847	[18]	各种标号的混凝土都用在哪里，你们用对型号了吗？	1.0	3.0	0	109.0
200	42589809	民商法基地	0.110791	0.110791	[18]	不懂就问，格林如果来CBA什么水平？	177.0	2.0	42647,16863	256.0
201	42603920	黄yyyy	0.110656	0.110656	[18]	xdm，怎么回，在线等，挺急的！	6.0	2.0	0	14.0
202	42614295	美春的告白	0.145751	0.145751	[23]	坐标广州，这一份兰州拉面23，我是不是赚麻了	1.0	2.0	27219,46168,42797	15.0
203	42551889	Mr.Bryant.	0.105881	0.105881	[18]	我给抵制炒鞋出一个方案	255.0	1.0	0	26.0
204	42605122	能攻善守富尼耶	0.104845	0.104845	[17]	其实第六打鹿不是坏事	128.0	1.0	0	74.0
205	42544850	千万别报考日语专业	0.144394	0.144394	[17]	年轻人真的要爱护自己的身体	1.0	2.0	0	286.0
206	42589582	Changiingy	0.104592	0.104592	[17]	为什么没有小恶魔转职会有7小恶魔啊？	508.0	2.0	21076	48.0
207	42592172	重磅姐	0.116097	0.104487	[18]	46岁林志玲最新照片来啦，与老公上杂志封面	60.0	2.0	35859,35463	162.0
208	42551355	哈登基地	0.142457	0.142457	[17]	火山岩浆挖来是干什么用的呢？	1.0	3.0	57922	206.0
209	42604522	kook1237	0.115841	0.104257	[24]	看见很多讨论胡明轩冲抢篮板那球！发表一下个人看法！	173.0	1.0	32632	271.0
210	42606243	我是立青	0.103217	0.103217	[18, 24]	我离过婚最近喜欢一个男生	6.0	2.0	0	474.0
211	42599391	流川枫流川枫流川枫	0.141490	0.141490	[18]	大学生活真的好孤独	1.0	2.0	0	186.0
212	42570332	反正开灯也是浪费电	0.114601	0.103141	[17]	陶喆、德普同台翻唱《一无所有》，这耶耶耶就离谱……	60.0	3.0	38498,111846,15770	70.0
213	42606429	窮我一生	0.102447	0.102447	[18]	这种言论兄弟们怎么看？	6.0	2.0	0	32.0
214	42600408	蕾酱呀	0.139121	0.139121	[18]	每一个难熬的通宵班都是靠虎扑撑下去的	1.0	2.0	40220	367.0
215	42522754	我邦惊诧	0.112512	0.101261	[17]	刘浩存的舞蹈实力如何？	60.0	1.0	178610	258.0
216	42484512	小豪酱	0.101305	0.101305	[26]	又碰了前任，吃了屎一样的难受	6.0	1.0	26587	29.0
217	42608905	我的老婆是林熙蕾	0.141378	0.141378	[18, 23]	小厨师，看到他我自自愧不如	1.0	3.0	0	161.0
218	42603072	用户2015573633	0.109856	0.098870	[24]	齐达内：我早就说马竞巴萨会丢分，你们还笑我	184.0	2.0	40839,35454,18447	153.0
219	42604458	太空人2	0.093195	0.093195	[18]	正在追一个女生，这么回答是不是凉了？	6.0	2.0	0	177.0
220	42591824	mamamia666	0.138992	0.138992	[18]	一线城市年薪35万，辞职来二线了，感觉挺香的…	1.0	2.0	0	469.0
221	42586092	咳咳咳咳咳咳咳哔哔	0.111019	0.099917	[18]	原版欧皓辰怎么说	60.0	3.0	327337	68.0
222	42606925	阿圭罗的大表弟	0.109446	0.098501	[23]	欧冠4强3个门迪 足坛还有哪些像门迪一样的“大家族”	184.0	2.0	23957,32181	128.0
223	42601118	乐常在	0.137222	0.137222	[18]	拿出你手机里最有气质的图片	1.0	2.0	0	270.0
224	42548861	一只小恼抚	0.092938	0.092938	[18]	JR们，应届生第一份工作这个靠谱吗	10.0	2.0	17077	32.0
225	42594225	冯博克	0.107610	0.096849	[23]	本泽马与劳尔️欧冠历史射手榜并列第四️，你更希望自己主队拥有谁？	184.0	2.0	23957,35686,32266	18.0
226	42612716	梅丽尔艾格文	0.140788	0.140788	[23]	发一首四年前唱的回到过去	1.0	3.0	212528	7.0
227	42596710	乔丹是冠军	0.090954	0.090954	[18]	看到猎聘公司在招我的岗位…………	10.0	1.0	37621,30653,39567	26.0
228	42596116	爱游戏爱体育	0.105439	0.094895	[23]	【一数据显示欧冠客场难翻盘 大巴黎这次连决赛都进不了？】	184.0	2.0	23957,18551	16.0
229	42567349	带带尼格罗	0.136203	0.136203	[18]	挑战一年不看白丝，今天是第364天，马上就成功了	1.0	2.0	0	147.0
230	42609150	浪了乐了	0.107262	0.096535	[24]	杨鸣更衣室讲话：我们赢了但要平静，吃喝睡好准备决战	173.0	3.0	16814	207.0
231	42593938	leyu爱足球	0.103472	0.093125	[23]	欧冠历史射手榜：C罗176场134球榜首，梅西149场120球第二	184.0	2.0	26946,23957,17814	9.0
232	42560923	Aprei丶辰星	0.132847	0.132847	[18]	好怀念之前的狗头	1.0	2.0	0	107.0
233	42537087	虔诚的祈祷未来	0.090747	0.090747	[18]	大半夜接到前女友电话	6.0	1.0	39217	33.0
234	42605943	话题区圆桌	0.102742	0.092468	[23]	[话题区圆桌]今年的欧冠和欧联决赛，会上演英超内战吗？	184.0	2.0	22051,23957,26431	54.0
235	42557405	凑合过吧还能离是咋滴	0.138881	0.138881	[17]	我就要吃个6分熟的牛排，怎么了？	1.0	3.0	31967	519.0
236	42614555	虎扑篮球新闻	0.100696	0.090627	[24]	[流言板]G2裁判报告：只有一次错判，胡明轩提前进线为正确判罚	173.0	2.0	42899,32632	312.0
237	42582957	虎扑JR0020407251	0.100442	0.090398	[23]	姆巴佩想要拿金球奖，是不是欧冠和欧洲杯要拿其中一个？	184.0	1.0	23957,23051,30283,35309	62.0
238	42606882	你懂个ber	0.132585	0.132585	[18]	第一次尝试了下网球	1.0	2.0	34914	220.0
239	42549611	清纯基地	0.102740	0.092466	[17]	硬核枪战片	60.0	3.0	0	34.0
240	42568827	毛毯厂	0.099729	0.089756	[23]	如若今年夺得欧冠 瓜迪奥拉是不是可以毫无争议地开启自己的曼城教父生涯	184.0	2.0	23957,32086,19031	66.0
241	42612423	好我是球迷	0.131974	0.131974	[23]	亲妹妹出嫁，作为哥哥应该随多少礼？	1.0	1.0	0	24.0
242	42523546	银行民工想休假	0.088472	0.088472	[17]	求问有JRS知道中关村科技融资租赁这家公司吗	10.0	2.0	39567	6.0
243	42603363	冰帝迹部	0.101059	0.090953	[18, 24]	业内人士谈天价片酬，有些人真的配拿这么高的片酬吗？	60.0	3.0	24434	216.0
244	42579166	108哈哈	0.131607	0.131607	[17]	再见了，篮球，我不回来了。	1.0	2.0	28719	102.0
245	42568493	仓鼠小妖	0.084100	0.084100	[26]	那就不要了	6.0	1.0	32836	95.0
246	42565120	巴菲阳	0.083101	0.083101	[18]	蓝白校服粉色94装嫩日记	572.0	2.0	45709	63.0
247	42568487	HP的名字可以取多长我要试试	0.138879	0.138879	[26]	才在芭提雅呆了3天，就越来越羡慕这些欧美老外了	1.0	3.0	0	60.0
248	42558390	科尔下课滚蛋	0.083857	0.083857	[18]	今天23岁生日，心情万般复杂	6.0	1.0	0	53.0
249	42569837	hanciqnm	0.090752	0.081677	[18]	这个“古"迹“遗址"有多假，您不会看不出来吧？	12.0	2.0	28068	69.0
250	42551306	Little_祁	0.130807	0.130807	[18]	为期三个月的快递员日记	1.0	2.0	0	17.0
251	42611737	我真是太讨厌吃鱼了	0.096308	0.086677	[23]	欧冠决赛，卡利乌斯两次失误时各大解说员的反应是这样的	184.0	3.0	23957,276931	15.0
252	42605409	虎扑篮球新闻	0.091932	0.082739	[17]	[流言板]小凯文-波特成为NBA历史上得到50分10助攻最年轻的球员	502.0	2.0	42664,22473	486.0
253	42543204	夏木生花	0.129504	0.129504	[17]	各大城市地铁logo集合	1.0	2.0	0	797.0
254	42550931	喵喵滴滴	0.080467	0.080467	[17]	男友希望我保证自己以后不会出轨	6.0	1.0	18915	165.0
255	42605453	东契奇圈外女友	0.084018	0.084018	[18, 24]	常规流程，小波特更衣室被队友泼水	177.0	3.0	0	355.0
256	42560290	天天正能量	0.127908	0.127908	[18]	女子独自去宾馆开房，老板娘一口回绝！每个人都该看看！	1.0	2.0	0	70.0
257	42582360	话题区圆桌	0.088794	0.079915	[23]	[话题区圆桌]两支欧冠首回合过后处于劣势的球队，谁能逆转取胜？	184.0	2.0	23957	100.0
258	42591094	虎扑热点资讯	0.085592	0.077033	[17]	中国曲协倡议坚决抵制恶俗粗劣相声表演	60.0	2.0	42734	382.0
259	42587521	枫潇潇汐	0.130182	0.130182	[18]	这土木工程就离谱了！	1.0	3.0	0	124.0
260	42590860	jing210908	0.088454	0.079608	[23]	如果今年瓜拿欧冠，齐达内拿联赛，他俩执教生涯谁牛逼？	184.0	1.0	23957,35454	92.0
261	42547723	天青色等腌鱼	0.076532	0.076532	[18]	家人们，这身行头见妹子可以吗？	6.0	2.0	0	247.0
262	42546392	飞行员李丑萌	0.127792	0.127792	[26]	这女的也太厉害了吧，会好几种方言，自由切换啊	1.0	1.0	0	170.0
263	42611103	木颜1199	0.082228	0.082228	[23]	【石匠搬运】2021年选秀西班牙新星奥斯曼-加鲁巴欧冠24+12助皇马逆转	126.0	3.0	16404,23957,29055	10.0
264	42501768	格格艿坞	0.074862	0.074862	[17]	求LOL皮肤推荐	6.0	2.0	42643,21709	51.0
265	42612306	虎扑JR0137418455	0.125131	0.125131	[23]	jrs请问这是什么鱼	1.0	2.0	0	37.0
266	42572818	演员秦岚	0.082683	0.074415	[24, 26]	终于轮到我了，我是秦岚，来跟大家聊聊天～	60.0	2.0	27366	2546.0
267	42601499	选择题基地	0.820222	0.082022	[24]	程潇的《成人礼》舞蹈，激励你了吗	59.0	3.0	56864,27410	229.0
268	42581753	我真的不懂球	0.124521	0.124521	[18]	宗馥莉快40岁了，你愿意娶她吗？	1.0	2.0	194449	189.0
269	42597684	雷军啥时候投资我的梦想	0.073330	0.073330	[18]	巅峰期成龙能打得过库里吗	177.0	2.0	38576,16809	49.0
270	42542426	虎扑JR2000449457	0.071953	0.071953	[18]	复合不久又想分手了	6.0	2.0	0	27.0
271	42560168	逝水流方	0.129504	0.129504	[24]	有多少人的人生就是这么过的？	1.0	3.0	0	361.0
272	42595630	虎扑热点资讯	0.075752	0.075752	[18]	福原爱用笔记本记录江宏杰言语霸凌，你怎么看？	59.0	2.0	222038,47174	125.0
273	42581363	ccyandy	0.071730	0.071730	[18]	特斯拉现在在法律上是不是已经立于不败之地？	278.0	1.0	38071	76.0
274	42565319	没有熊的熊	0.124450	0.124450	[18]	心态崩了 给大家看看我室友多恶心	1.0	2.0	0	123.0
275	42597862	凯尓登_约翰逊	0.089793	0.080814	[18]	黑猫：打不过你我还骂不过你吗？	2.0	3.0	34647	30.0
276	42591467	旋转陀螺马	0.079063	0.071157	[23]	欧冠有没有过哪组交锋，首回合输了的队，还被认为90%以上可能晋级的？	184.0	1.0	23957	32.0
277	42596248	虎扑JR1030925031	0.122457	0.122457	[18]	我不信，你还有瓜	1.0	2.0	0	504.0
278	42587712	甜鱼在翻身	0.070791	0.070791	[18]	车胎扎了钉子，补胎的时候给我轮毂上贴了几块金属片是什么情况？	278.0	1.0	31210,22895	21.0
279	42519244	HP的名字可以取多长我要试试	0.086494	0.077845	[17]	蒙古女孩训练猎鹰真实过程：场面太刺激了，巾帼不让须眉！纪录片	60.0	3.0	22587,43244	251.0
280	42613012	真爱社基地	0.122437	0.122437	[23]	男友脚踏两只船，还不认错。	1.0	2.0	18915	12.0
281	42605831	做个开心的小辣鸡	0.070229	0.070229	[18]	还有23天结婚，我想放弃了	6.0	2.0	0	26.0
282	42605756	虎扑篮球新闻	0.077756	0.069980	[18]	[流言板]小凯文-波特：被交易到火箭是福，我想成为火箭的基石球员	502.0	2.0	22473,37514	529.0
283	42610049	枫潇潇汐	0.125566	0.125566	[23]	留守儿童的童年，你有过这样的经历吗	1.0	3.0	0	53.0
284	42567904	高级律师胡阳光	0.069474	0.069474	[18]	你们觉得她多久能学会王者荣耀	88.0	2.0	28358	77.0
285	42603529	疯狂伊文戴德蒙	0.069048	0.069048	[18]	自己的前女友跟自己的好友/舍友/兄弟/铁哥们在一起了是什么体验?	6.0	2.0	39217	105.0
286	42546369	王大梨子	0.122251	0.122251	[18]	公司偷偷搞了带薪拉屎榜	1.0	2.0	39567	84.0
287	42601389	胡萝卜去皮切成薄片	0.074160	0.074160	[18, 24]	辽宁人在广东	154.0	3.0	18579,43054	130.0
288	42613204	伍迪艾伦的眼镜	0.066435	0.066435	[23]	最后五轮欧冠资格争夺最后的决战，我们的赛程是最艰难的	203.0	2.0	23957	19.0
289	42564865	步行街芳芳小卖铺	0.121894	0.121894	[26]	办公室7位女同事，求夸人的话	1.0	2.0	0	127.0
290	42602323	城之蓝	0.073772	0.066395	[23]	如果，是如果，决赛，欧冠曼城vs切尔西，欧联曼联vs阿森纳，是不是有点单调？	184.0	1.0	39521,22051,23957,19031,39787,20317	127.0
291	42601933	东契奇圈外女友	0.072281	0.072281	[18, 24]	直接冲击！杰夫-格林接球顺下隔扣桑普森	177.0	3.0	44312,28109,16863	196.0
292	42543950	草帽库里	0.120937	0.120937	[18]	求助！呼吸科！体检出现肺钙化灶！	1.0	2.0	324973	146.0
293	42601453	勇士退役35号	0.065928	0.065928	[24]	别人看我对象的朋友圈跟我看我对象的朋友圈	6.0	2.0	16756	500.0
294	42607319	Sunshineuponme	0.064087	0.064087	[24]	科比81分那场，上半场才26分？	177.0	2.0	32172	310.0
295	42610848	苗可秀	0.124403	0.124403	[23]	一个成功率很高的骗局，大家要当心	1.0	3.0	0	132.0
296	42576515	南枝啊	0.070870	0.063783	[23]	欧冠豪门夜宴：巴黎VS曼城，竞猜思路分享	184.0	1.0	23957,19031,37257	6.0
297	42606737	JRs评选	0.063765	0.063765	[17, 24]	JRs评选：小波特50分，杜兰特42分，今日最佳你选谁	177.0	2.0	32044	535.0
298	42549021	虎扑JR1457289066	0.120603	0.120603	[18, 26]	这种一般罚多少	1.0	2.0	0	99.0
299	42577188	珠海市斗门区斗门镇斗门村靓仔	0.100292	0.072210	[26]	《古惑仔》是不是郑伊健的巅峰了	60.0	3.0	26561,36228	54.0
300	42603956	虎扑足球新闻	0.069949	0.062954	[23]	[流言板]欧足联编剧石锤！欧文大仙“四中三”欧冠欧联比分	184.0	2.0	22051,20115,23957,21991	27.0
301	42614621	小小狐狸呀	0.118082	0.118082	[23]	今天好倒霉呀	1.0	1.0	0	4.0
302	42594568	颜色教练	0.062760	0.062760	[17]	rng保不住前3会不会没有面子？	115.0	2.0	42791	49.0
303	42598415	春黛雨如烟	0.075755	0.068179	[23]	2014年的4.30日，皇马客场4-0大胜拜仁，终于挺进欧冠决赛	184.0	3.0	18530,16404,23957	110.0
304	42614083	My热力大象	0.118082	0.118082	[23]	看我在火车上碰到谁了	1.0	2.0	0	8.0
305	42607780	新的开始WY	0.069312	0.062381	[18]	如何评价内地导演管虎?	60.0	2.0	35829,23131	178.0
306	42521816	贾巴里勒布朗帕克	0.062151	0.062151	[17]	留实习小公司研发岗位还是秋招冲大公司？	10.0	1.0	30653,38926,39567	10.0
307	42568790	美女基地	0.123108	0.123108	[26]	副处长送外卖12小时赚41元完整视频，“我觉得很委屈” ，更多细节公布	1.0	3.0	0	136.0
308	42588748	森沐雨杰	0.060746	0.060746	[18]	问了前女友不该问的问题	6.0	1.0	39217	61.0
309	42607063	乐邦丶时代	0.060482	0.060482	[24]	nba堪称体力怪物的有哪些球星	177.0	1.0	31042,42664	369.0
310	42522167	虎扑JR0487135678	0.117918	0.117918	[17]	贝吉塔和悟空可以打过他们吗?	1.0	2.0	18629,34094	791.0
311	42597850	眉目成书_y	0.074038	0.066634	[24]	郭艾伦采访看哭了	173.0	3.0	28036	576.0
312	42582365	凍梁	0.066876	0.060189	[23]	【理性讨论】欧冠决赛如果三年内出现两次英超内战，会不会觉得无聊？	184.0	2.0	23957,26431	9.0
313	42608592	虎扑JR2129738718	0.117046	0.117046	[23]	王冰冰的湘西土妹装扮	1.0	2.0	42755	66.0
314	42600101	虎扑足球新闻	0.068237	0.061413	[17]	[流言板]梅西将在美洲杯前接种中国疫苗，全部由中国公司捐赠	197.0	2.0	26946,19272,42734	778.0
315	42601345	王师傅精益求精	0.059379	0.059379	[18]	郭德纲究竟有没有收曹云金的学费？	59.0	2.0	32609,28294	34.0
316	42613131	上岸就把王冰冰甩了	0.117484	0.117484	[23]	下冰雹就离谱了嗷	1.0	3.0	0	3.0
317	42563558	爱华人士伏拉夫	0.065918	0.059326	[17]	清华的数学跟北大有多大的差距？	11.0	2.0	25156,26741,23565	20.0
318	42588388	父慈子笑里弗斯	0.058698	0.058698	[17]	有哪些数据体现不了作用的例证？	177.0	2.0	0	178.0
319	42586999	卑劣的	0.116141	0.116141	[18]	做自媒体快两个月，就赚了个房租钱	1.0	2.0	0	241.0
320	42570557	重案组之阿虎	0.065883	0.059295	[24]	周杰伦《暗号》 神级现场！	60.0	3.0	48304,37231	364.0
321	42564563	有个传奇叫科比	0.058683	0.058683	[18]	前女友说我算计	6.0	1.0	39217	72.0
322	42612064	一花花世界	0.116105	0.116105	[23]	如果你是张无忌，你选谁？（投票）	1.0	2.0	33414	122.0
323	42604399	虎扑JR1043519018	0.058278	0.058278	[18]	火箭森林狼不要状元了？	177.0	2.0	23332,37514	45.0
324	42580268	画足球漫画的阿坚	0.063326	0.056993	[23]	切尔西、曼城，欧冠决赛会不会再现英超内战？	184.0	2.0	23957,19031,39787,26431	60.0
325	42612394	美女基地	0.121217	0.121217	[23]	云海日出你喜欢么？	1.0	3.0	0	4.0
326	42608044	犯二神经病	0.056616	0.056616	[17]	NBA中，哪些球员的心酸故事一直感动着你？	177.0	2.0	42664	165.0
327	42594812	图拉丁plus	0.062973	0.056676	[23]	葡萄牙后防应该是第一档吧，佩大师欧冠的表现不用说了，还有英超第一中后卫	184.0	2.0	23957,17994,26431	36.0
328	42529485	微光5285	0.115744	0.115744	[17]	下个月结婚，老婆说请两个人，求推荐	1.0	2.0	42706	596.0
329	42538892	一山影音舍	0.061045	0.054940	[18]	我是歌手历届精彩舞台回顾之张韶涵《阿刁》	63.0	3.0	175408,18147,41003	38.0
330	42594471	春黛雨如烟	0.060338	0.054304	[23]	再续前缘？尤文当初为什么要解雇带队意甲5连冠、意杯4连冠、两进欧冠决赛的阿莱格里	184.0	2.0	23957,35367,25305,36250	10.0
331	42614970	白茶清乐无别事	0.115191	0.115191	[23]	Steam打折，猜我买了什么？	1.0	2.0	0	5.0
332	42555453	天谷千寻	0.059741	0.053767	[17]	无职圆盘初动4385不敌魔道祖师	64.0	2.0	26019	25.0
333	42603513	harden开玩笑道	0.053878	0.053878	[24]	杜兰特死神依旧全场42分10助攻集锦 4/30	135.0	3.0	32044	202.0
334	42612314	qingwen11	0.113473	0.113473	[23]	老哥们，今天去上海浦东新区租的房子，评价一下怎么样	1.0	2.0	42944,22519,176789,112061	180.0
335	42610812	sakitumel	0.059379	0.053441	[23]	如果曼城拿欧冠 曼联拿欧联 阿根廷拿美洲杯 葡萄牙拿欧洲杯怎么分	184.0	1.0	33522,22051,23957,19031,19272,17994,30283,20317	12.0
336	42542873	虎扑JR1954764192	0.053228	0.053228	[18]	相亲对象还没确定关系就见家长	6.0	2.0	18010	13.0
337	42535940	凑合过吧还能离是咋滴	0.112611	0.112611	[26]	男子单打比赛，不料对方上了两名队员，男子遗憾落败	1.0	3.0	0	109.0
338	42599792	输多了就佛系了	0.058635	0.052772	[18]	刘志轩这个人真是个奇才	173.0	1.0	16735	52.0
339	42604206	青山见是	0.053064	0.053064	[18, 24]	你们的男朋友也要求每天互道晚安吗？	6.0	2.0	18952	310.0
340	42610506	SandTom	0.112363	0.112363	[23]	翻到老婆以前照片	1.0	2.0	42706	111.0
341	42555542	最狂的风与最静的海	0.053242	0.053242	[18]	【13年季后赛首轮安东尼率领尼克斯4:2凯尔特人】不愧进攻万花筒！	177.0	3.0	35009,25540,18343,22557	61.0
342	42586710	waterwyz	0.058506	0.052655	[23]	双双闪耀欧冠赛场，如何评价坎特与马赫雷斯的后莱斯特生涯？	184.0	2.0	33971,26276,23957,33162	24.0
343	42501880	鲍指导	0.110444	0.110444	[26]	人生如戏，考试竟遇到前女友！	1.0	1.0	39217	65.0
344	42572887	虎扑JR0322963068	0.051210	0.051210	[17]	rng醒醒啊	115.0	1.0	42791	23.0
345	42609895	虎扑JR0584661032	0.050600	0.050600	[24]	女朋友怎么都好 就是太丑了，婚期将至心里很矛盾，求骂醒	6.0	1.0	32836,39820	326.0
346	42539817	库里的总决	0.109184	0.109184	[26]	印度这波疫情会怎么结束？	1.0	1.0	42997	811.0
347	42594621	春黛雨如烟	0.055995	0.050396	[23]	路遥方知本泽马！17年欧冠半决赛卡尔德隆起舞，上演1v3的凌波微步狂想曲	184.0	3.0	23957,35686,30284	23.0
348	42576143	笃行ing	0.050373	0.050373	[18]	加了微信，居然是研二的姐姐？！	6.0	2.0	26651	121.0
349	42581022	拉风的名字嗷	0.107478	0.107478	[18]	你什么时候被反派的五官决定过三观	1.0	2.0	40976	61.0
350	42603769	关小刀砍大树	0.055064	0.049557	[23]	曼联的进攻实力还是超强的 就是关键时刻防守不行 否则也不会欧冠小组出局	184.0	1.0	23957,20317	31.0
351	42572049	八了个两啊	0.049620	0.049620	[17]	安身立命！吉米巴特勒防守精华！	177.0	3.0	34160,43882	100.0
352	42588350	阿chok差点是帅哥	0.105240	0.105240	[18]	出事了朋友们	1.0	2.0	0	28.0
353	42602791	虎扑JR0682232755	0.053436	0.048092	[23]	给他玩明白了？准确预测2场欧冠后，欧文又猜对枪手黄潜比分	184.0	2.0	23957,21991,16233	16.0
354	42604308	用户1963025589	0.048006	0.048006	[18]	杜兰特13年为什么没拿到得分王	177.0	1.0	39404,32044	218.0
355	42600035	高圆圆的网恋男友	0.104215	0.104215	[18]	为什么说一个人吃火锅是一件很孤独的事	1.0	2.0	0	194.0
356	42571599	竞足小白	0.053103	0.047792	[23]	经典回顾2004欧冠巅峰阿森纳被欧冠新军切尔西逆转	184.0	3.0	39521,23957,39787	21.0
357	42604675	虎扑篮球新闻	0.047752	0.047752	[18]	[赛后]雄鹿136-142火箭，霍勒迪29分10助4冒，凯文-波特50分5板11助	177.0	1.0	37252,22647,22473,37514	471.0
358	42501583	大大大大哒哒哒	0.104067	0.104067	[26]	兄弟们，又一个b站拳师装男人被识破！	1.0	2.0	43078	15.0
359	42607818	dadadaming	0.051455	0.046310	[23]	其实欧冠亚冠这些比赛最好改时间	184.0	1.0	23957,16939	4.0
360	42566557	WizardQ	0.045309	0.045309	[26]	收男人！！！各种男人！！各种没人要的男人！	6.0	1.0	0	104.0
361	42537014	蔡恩基地	0.103375	0.103375	[18]	中科院回应熟蛋返生课程，这回应什么水平	1.0	2.0	27777,32878	85.0
362	42603750	永远都得跪着	0.045216	0.045216	[18]	昨天我还抱怨魅族18待机续航太差早上一醒我就惊呆了	294.0	2.0	42977,20091,33852	14.0
363	42558930	虎扑JR1599056141	0.049236	0.044312	[23]	本泽马进球，欧冠历史射手榜更新	184.0	1.0	23957,35686	7.0
364	42614304	凑合过吧还能离是咋滴	0.102798	0.102798	[23]	这是我见过最漂亮的伴娘，伴郎太幸福了	1.0	3.0	0	22.0
365	42558293	海纳百川无言	0.048591	0.043732	[17]	想看剧透的进:小舍得的剧情走向似乎已经基本清楚了	60.0	1.0	18544,307604	17.0
366	42593869	你拿我希尔	0.049190	0.044271	[23]	当年的切尔西比现在的曼城如何？也是年年欧冠最大热门	184.0	2.0	23957,19031,39787	13.0
367	42613606	the璇的初恋男友	0.101685	0.101685	[23]	我这根棍怎么样	1.0	2.0	0	10.0
368	42562980	不知名编剧	0.042456	0.042456	[18]	最近在相亲单身群做了一个测试，结果震惊！	6.0	1.0	43350	15.0
369	42583716	虎扑JR0682232755	0.048572	0.043715	[23]	吾有一计，可助大巴黎欧冠翻盘曼城！	184.0	2.0	23957,18551,19031	13.0
370	42612666	猛男却有一颗少女心	0.101475	0.101475	[23]	你们的女朋友都要求每天说一次晚安？	1.0	2.0	32836	21.0
371	42562737	天泊孤星	0.046372	0.041735	[18]	为什么会有电影火了主演火不了的现象？	60.0	1.0	43200,37645	23.0
372	42603360	路飞vs卡二	0.047530	0.042777	[18, 23]	曼联也强了吧，感觉完全是欧冠八强水平。	184.0	1.0	23957,20317	78.0
373	42612781	我要改名叫嘟嘟的话题分嘟	0.100322	0.100322	[23]	高铁上的盒饭，48块啦……	1.0	2.0	33994	9.0
374	42606088	虎扑篮球新闻	0.046040	0.041436	[18]	[流言板]杜兰特砍下生涯第57次40+，现役仅次于哈登和詹姆斯	502.0	2.0	23970,38919,32044,29071	417.0
375	42570903	竞足小白	0.053737	0.038691	[23]	17-18赛季欧冠皇马1-1热刺，本泽马Vs哈里凯恩	184.0	3.0	16404,23957,35686,39854	5.0
376	42541645	卜把妮打哭1	0.099724	0.099724	[26]	印度这变异病毒什么情况？	1.0	1.0	22530,42997	259.0
377	42602987	哈塞尔巴耶克	0.035800	0.035800	[17]	湖人不要的姐夫格林，戴德蒙真的有那么差吗	127.0	1.0	36339,16863	45.0
378	42590331	篮网输东决1	0.034916	0.034916	[18]	保罗为什么不能MVP？	177.0	2.0	42657,33253	277.0
379	42508253	闪闪发光惹人爱	0.098286	0.098286	[26]	这jio怎么样，算b站第一美jio了吗？	1.0	2.0	43078	52.0
380	42587541	很要的木瓜	0.038703	0.034833	[23]	欧冠决赛和欧联杯决赛会不会都是英超内战？	184.0	1.0	23957,32794,26431	13.0
381	42595379	凑合过吧还能离是咋滴	0.043497	0.043497	[18]	杜兰特:我做再好也只是配角	177.0	3.0	32044	92.0
382	42613909	a果儿	0.095937	0.095937	[23]	被垫脚导致撕脱性骨折\n	1.0	2.0	51648	10.0
383	42578801	去家千里兮	0.038349	0.034514	[23]	优酷PP体育这个解说嘉宾贺宇是什么足球来头？一场欧冠半决赛的精彩比赛解说烂	184.0	1.0	23957,40311,15980	34.0
384	42605702	MiaSanTPL	0.034196	0.034196	[24]	库里，就是斗地主里的最大的癞子牌	177.0	1.0	38576,45112	210.0
385	42605722	春华秋实w7	0.097701	0.097701	[18, 23]	我有一只小绵羊啊，从来也不骑。。。	1.0	3.0	0	84.0
386	42584526	断剑残阳	0.032987	0.032987	[17]	[虎扑评测团]NieR Replicant：人工生命的孤帆远影，破碎世界的前尘往事	86.0	2.0	179761,40220,42765	46.0
387	42610876	Etihad之神	0.036529	0.032876	[23]	欧冠欧洲曼城专场	192.0	1.0	23957,19031,36122	11.0
388	42613512	看戏之王	0.094549	0.094549	[23]	阿杜和杜兰特，谁的国内知名度高？	1.0	1.0	26528,32044	16.0
389	42595653	虎扑篮球新闻	0.035036	0.035036	[17]	[流言板]不满25岁的杰伦和塔特姆同时拿到35+，凯尔特人队史首次	128.0	2.0	35009,24151,39113	20.0
390	42603091	东契奇圈外女友	0.033311	0.033311	[18]	库里三分不中，威金斯从天而降完成补扣	177.0	3.0	38576,23096	133.0
391	42524091	星期一G6湖人总冠军	0.094429	0.094429	[26]	兄弟们如何看待B站和北邮这档子事？	1.0	2.0	43078	13.0
392	42608943	独孤求胜大叔	0.034046	0.030641	[23]	本赛季最大的痛就是欧冠小组赛大意失荆州了	188.0	1.0	23957,20702	22.0
393	42565134	wz522	0.032529	0.032529	[18]	库里一直以来最大问题就是除了得分，他对于球队帮助不够。	177.0	1.0	38576,33127	378.0
394	42535392	HP的名字可以取多长我要试试	0.094446	0.094446	[26]	科莫多巨蜥捕食水牛犊，母水牛只能看着小水牛被吃掉	1.0	3.0	47219,324537,212126	19.0
395	42599253	库巴巴	0.029072	0.029072	[23]	假如巴黎欧冠再次被淘汰，姆皇来皇马的几率不就大大提高了	196.0	2.0	16404,23957,37257	20.0
396	42602391	扔牙套竖中指666	0.031087	0.031087	[18]	16中11，杜兰特为什么可以这么准	177.0	1.0	32044	181.0
397	42604061	石子明	0.094084	0.094084	[18]	老婆给了提示，10分钟后我懂了	1.0	2.0	42706	43.0
398	42608738	布尔什维刻	0.030941	0.027847	[24]	G1的时候我真对国家队双后卫表示怀疑了	173.0	2.0	20495	167.0
399	42604840	虎扑宋仲基	0.029349	0.029349	[18]	库里带队到底什么水平	177.0	1.0	38576	248.0
400	42604487	凑合过吧还能离是咋滴	0.097701	0.097701	[18, 23, 24]	叫你去看鱼塘，你跑这儿度假来了？	1.0	3.0	0	118.0
401	42586247	饭团君CQC	0.017821	0.017821	[17]	不懂就问，为什么威金斯个人荣誉被格林全方位吊打？	124.0	2.0	23096,16863	52.0
402	42605114	山猫篮球直播	0.028808	0.028808	[24]	库里保罗选一个当你球队的建队基石，你选谁？	177.0	2.0	38576,33253	582.0
403	42612902	一时无花	0.090929	0.090929	[23]	这算是日本的文化输出吗	1.0	2.0	42957	80.0
404	42604722	虎扑篮球新闻	0.037038	0.033334	[17]	[流言板]生涯之夜！凯文-波特全场得到50分11助攻，得分创生涯新高	502.0	1.0	22647,33127,22473,29071	1713.0
405	42606944	阿塔罗斯三世	0.030193	0.027174	[23]	踢罗马专业户！回顾06/07欧冠1/4决赛次回合曼联7-1罗马	188.0	3.0	23957,16584,20317	14.0
406	42556028	你正儿八经的小胖墩	0.090357	0.090357	[18]	是哪两个字啊？大佬们	1.0	2.0	0	19.0
407	42604087	湖侃篮球	0.017024	0.017024	[17]	湖人处境尴尬就是浓眉和庄神的双塔组合问题	127.0	2.0	36339,31817	22.0
408	42608565	火箭保罗哥哥	0.016270	0.016270	[17]	19年后我一度怀疑保罗快退役了…	177.0	2.0	33253	189.0
409	42601794	k3	0.090322	0.090322	[18]	我妈进传销了 求大伙支个招	1.0	2.0	0	166.0
410	42603292	大睿智	0.015884	0.015884	[17]	历史不能重来，我凯近十年最可惜的一次招募	128.0	1.0	0	42.0
411	42602152	东契奇圈外女友	0.019372	0.019372	[18]	主导全局！库里助攻威金斯暴扣，随后三分稳稳命中	177.0	3.0	38576,23096	146.0
412	42564510	无关凨月	0.087560	0.087560	[18]	十公斤的棉花和十公斤的铁到底为什么一样重	1.0	1.0	0	237.0
413	42606170	等我操作起来	0.013967	0.013967	[17]	有一说一，皮肤加的那十点攻击力法强真的很重要吗？	88.0	2.0	15766,21709	102.0
414	42588003	PEL和平精英职业联赛	0.013019	0.013019	[26]	【竞猜】PEI冠军总积分能否突破240分？RNG战队能否获得一场胜利？	115.0	2.0	33313,51412,26406,42791,24859	143.0
415	42583607	凑合过吧还能离是咋滴	0.096433	0.096433	[26]	女生:我的男孩收到的第一束花绝不应该是在墓碑前	1.0	3.0	0	8.0
416	42596998	虎扑JR1814803312	0.117802	0.011780	[18]	恋爱一周年礼物送女朋友钱包，怎么样	6.0	1.0	32836	44.0
417	42603841	worrior83	0.011758	0.011758	[24]	现在看来，蓝网当初能给跟腱断裂的杜兰特顶薪绝对高瞻远瞩！	135.0	1.0	36624,32044	285.0
418	42602945	求求你进一个吧	0.087372	0.087372	[18]	既然可以人工降雨，那可以人工停雨吗	1.0	1.0	0	35.0
419	42610791	虎扑篮球新闻	0.025668	0.025668	[17]	[流言板]霍里：我希望看到沃格尔缩减轮换，这能让球员有更好的节奏	127.0	2.0	27747,18038	26.0
420	42613459	昏头崽罗恩	0.010113	0.010113	[24]	[赛后]重庆QG 3-0 西安WE，渝都雾散玫瑰香，QG绿林护山城	88.0	2.0	43417,42843,42989	206.0
421	42614501	kk很忙	0.087312	0.087312	[23]	詹密每日一贴认真找男朋友，	1.0	1.0	18952	7.0
422	42603260	QUKANQIU	0.010100	0.010100	[18, 24]	【视频】吴彦祖谈哈登：很牛X 但对他的打法不太感冒 因为他总造犯规	177.0	1.0	23970,42712	292.0
423	42602195	虎扑JR0498211692	0.098382	0.009838	[18]	再也不跟女朋友出去玩了，闹心	6.0	1.0	32836	174.0
424	42571679	虎扑典藏馆	0.086596	0.086596	[17]	【每周最佳神评论】第一帖就让人见笑，是什么水平？自己的车比领导贵，还开吗？	1.0	2.0	0	12.0
425	42600429	李黎基地	0.494441	0.000049	[17, 18, 22]	竞选虎扑最帅偷家	85.0	3.0	40220	88.0
426	42581255	绿帽先锋	0.095436	0.009544	[18]	兄弟们，你们能接受别人在微博叫你女朋友老婆吗	6.0	2.0	42706,32836,42702	258.0
427	42538949	重庆的胖xiong	0.085824	0.085824	[18]	以前想不通那些二十七八为什么还不结婚	1.0	2.0	0	150.0
428	42613669	艺术泰斗刘波	0.378953	0.000038	[22]	如何评价这件古董级打野装备？	85.0	2.0	17176	30.0
429	42575101	穿着阿迪吻哈登	0.066607	0.006661	[26]	女朋友在寝室经常受委屈怎么办？	6.0	2.0	32836	187.0
430	42577700	凑合过吧还能离是咋滴	0.091883	0.091883	[18]	网恋三个月，今天奔现了。。	1.0	2.0	40425	68.0
431	42592509	只是撕破了一点大动脉而已	0.359101	0.000036	[18]	虎牙薄荷这个冰鸟太离谱了	85.0	1.0	21736,38602	14.0
432	42542639	fishthebarber	0.054465	0.005446	[18]	女朋友不喜欢我的穿衣风格……	6.0	2.0	32836	103.0
433	42594405	清水文娱	0.085517	0.085517	[18]	怎么看董明珠说的多给一万块没用？	1.0	2.0	27241	172.0
434	42595092	虎扑篮球新闻	0.028408	0.025567	[17]	[流言板]詹姆斯晒与威少场边合照：你们并不欣赏，但我们一笑而过	502.0	2.0	38919	430.0
435	42600059	clearlove明恋	0.340673	0.000034	[17, 18]	厂长直播看恐怖片 懂得都懂～	85.0	2.0	28999,25118	18.0
436	42537967	三岁生小孩	0.083468	0.083468	[18, 26]	震惊！母狮子被眼镜蛇咬到居然是这个样子！	1.0	3.0	0	9.0
437	42556314	凑合过吧还能离是咋滴	0.091149	0.091149	[26]	JR们，欢迎收看“下手没轻重”杯家庭自由搏击联赛	1.0	3.0	34847	26.0
438	42614292	极速拍档粉丝	0.083320	0.083320	[23]	在汕头的第一个晚上很美味！	1.0	2.0	37658	8.0
439	42613817	大熊猫爬啊爬	0.083170	0.083170	[23]	老哥们，照片弄成漫画风的是哪个软件啊	1.0	2.0	42784	7.0
440	42596683	拓荒直接开冲	0.083019	0.083019	[18]	取个这样的媳妇需要注意什么	1.0	2.0	42669	77.0
441	42609046	凑合过吧还能离是咋滴	0.081530	0.081530	[18, 23, 24]	把二十只比特和一只东北虎关在一起，老虎能坚持多久	1.0	2.0	18536,17209	304.0
442	42570307	西虎基地	0.081255	0.081255	[18, 26]	韩媒报道完达山一号，你怎么看？	1.0	3.0	0	138.0
443	42614588	上海老刀客	0.080812	0.080812	[23]	同学会去不去呢？	1.0	1.0	0	4.0
444	42594696	虎扑热点资讯	0.080761	0.080761	[18]	日本77岁富豪结婚3个月后遭毒杀，25岁妻子被控谋杀被捕！	1.0	3.0	42957	98.0
445	42604746	虎扑热点资讯	0.080489	0.080489	[18]	今天是国际不打小孩日！JRs小时候被父母打过吗？	1.0	2.0	45261,24958	65.0
446	42566463	LA湖人总冠军666	0.079587	0.079587	[18]	你一年挣多少爽？	1.0	2.0	0	12.0
447	42614685	哈登基地	0.077958	0.077958	[23]	我老婆2500块拍了套照片，划算吗？	1.0	2.0	42784	31.0
448	42615068	虎扑JR0827914404	0.077929	0.077929	[23]	当和女生关系无法突破时	1.0	3.0	0	0.0
449	42613259	拉拉风的名zhi	0.077491	0.077491	[23]	年少的惊鸿一瞥	1.0	1.0	0	5.0
450	42536772	沈阳鲁尼	0.077117	0.077117	[18]	有没有在施工单位上班的兄弟	1.0	2.0	0	63.0
451	42614518	哈登基地	0.076978	0.076978	[23]	我老婆2500块拍了套照片，划算吗？	1.0	2.0	42784	18.0
452	42521527	HP的名字可以取多长我要试试	0.076803	0.076803	[17]	小老虎到处捣乱，战斗民族奶奶却舍不得骂它！网友：果然是隔代亲	1.0	3.0	0	307.0
453	42505105	微博污污怪QaQ	0.076208	0.076208	[26]	B站游戏面试官太霸道！参与北邮校招时，炫耀资产、贬低应试者	1.0	2.0	23665,43078	16.0
454	42613448	用户1722881859	0.075782	0.075782	[23]	jr们，体检肝功能这个指标正常嘛	1.0	1.0	0	7.0
455	42603155	枫潇潇汐	0.075233	0.075233	[18, 23, 24]	虽然是他在考驾照，但是看得我好紧张…	1.0	3.0	19600	288.0
456	42548953	粤享5g超燃电竞CRDJ	0.074124	0.074124	[18]	faker竟会被要挟拍这些？满脸写着求助hhhh	1.0	3.0	43103	3.0
457	42613947	老婆是陈卓璇	0.073819	0.073819	[23]	日记	1.0	2.0	0	3.0
458	42585084	西虎基地	0.073712	0.073712	[18]	这只拦路老虎的麒麟臂什么水平！！！你能抗几下？	1.0	3.0	18536	132.0
459	42612589	顶级男神	0.073313	0.073313	[23]	95后小伙子出摊月入20万，什么水平？	1.0	3.0	0	8.0
460	42614523	水奚	0.073051	0.073051	[23]	《剑海游龙》第四章（07） 更新	1.0	1.0	0	6.0
461	42567395	浅唱孤单	0.072203	0.072203	[17]	会计这职业工资下限也太低了吧	1.0	1.0	37635,42742	18.0
462	42602230	zz2020	0.071991	0.071991	[18]	当你发现公司前台特别漂亮	1.0	1.0	39567	62.0
463	42606550	契诃夫挂住你	0.071915	0.071915	[18]	南京南站求助，南京家人进	1.0	2.0	43046	29.0
464	42591520	美女基地	0.071418	0.071418	[26]	他花费25万买了一张无限次数的机票，被人嘲笑20年，航空公司束手无策	1.0	2.0	0	47.0
465	42603962	哈哈南南	0.071111	0.071111	[18]	盲盒机票开到往返了！xdm	1.0	2.0	0	109.0
466	42507571	虎扑热点资讯	0.070017	0.070017	[26]	B站面试官回应疑贬低应试者：这些话都没说过	1.0	2.0	23665,43078	45.0
467	42611251	冰帝迹部	0.069510	0.069510	[23]	教你如何破解锁技，进来学习下	1.0	3.0	0	22.0
468	42598767	腎虛公子	0.069250	0.069250	[18]	格局哥这波彩礼操作，什么水平？	1.0	3.0	20946	45.0
469	42596033	生活打不死的那个男人	0.069242	0.069242	[26]	活到27才发现，最后小丑原来竟是我自己	1.0	2.0	0	53.0
470	42530376	Gloria鄧佩儀	0.069069	0.069069	[26]	b站顶级女海王，自认完爆项思醒！	1.0	2.0	43078,23132	108.0
471	42525536	纳什Steve	0.086299	0.069039	[26]	为什么有的地方不让摸额头？	1.0	3.0	0	10.0
472	42614151	skrskr吴亦几	0.068412	0.068412	[23]	xdm离高考就39天了	1.0	1.0	22412	8.0
473	42611751	天之骄子奋斗人生	0.068258	0.068258	[23]	聊一聊进入计算机大厂实习后如何表现争取转正	1.0	1.0	38926	34.0
474	42602180	虎扑JR0858781754	0.067909	0.067909	[18]	这张图是什么水平？	1.0	2.0	0	79.0
475	42613436	闪电五连鞭包邮分鞭	0.067820	0.067820	[23]	一个人在重庆 适合吃啥？	1.0	2.0	42988	7.0
476	42524888	虎扑热点资讯	0.067383	0.067383	[17]	茶颜悦色告赢茶颜观色获赔170万，后者被判不正当竞争！	1.0	2.0	186785	192.0
477	42597335	虎扑热点资讯	0.066627	0.066627	[18, 24]	柳州男子骑电动车运载尸体，警方已排除刑事案件	1.0	3.0	54114,23486,26798	192.0
478	42614590	Maso丨chist	0.066594	0.066594	[23]	家人们 关于本科论文盲审 求助求助～	1.0	2.0	22852,20316	4.0
479	42555903	凑合过吧还能离是咋滴	0.066234	0.066234	[18]	一时间竟看不出来，这位踢毽子的中年男人是油腻还是不油腻?	1.0	3.0	0	92.0
480	42615032	Sickle17	0.064792	0.064792	[23]	JR们，我看起来像几岁？	1.0	2.0	0	8.0
481	42595825	我真的有点花	0.064601	0.064601	[18]	郭杰瑞刚发的视频，送快递还要小费，在想桃子吧	1.0	2.0	31171	91.0
482	42586396	虎扑热点资讯	0.064601	0.064601	[18]	男子闻味后偷走两双高跟鞋，监控记录全过程	1.0	3.0	0	76.0
483	42571634	老何探房	0.064391	0.064391	[18]	一镜到底实拍上海91平小三房，总价596万，地铁到徐家汇半小时	1.0	3.0	42944,54070,58079	16.0
484	42613338	陈翔六点半	0.064357	0.064357	[23]	陈翔六点半：情人眼里出好老板	1.0	3.0	44740,44747	5.0
485	42574809	我没有脑子a	0.061842	0.061842	[18]	boss里面骗人打工的公司多吗？	1.0	2.0	39567	16.0
486	42613736	风流涕傥	0.061736	0.061736	[23]	“杀马师，夺梦玲。”	1.0	2.0	0	7.0
487	42613979	落幕Ending	0.061697	0.061697	[23]	为啥追星的百分之90都是女的？？？	1.0	1.0	36086	18.0
488	42614352	仓仓打架啦	0.061411	0.061411	[23]	仓鼠眼球变白了然后自己又好了是咋回事？	1.0	2.0	0	3.0
489	42614328	灾难的齐木楠雄	0.061116	0.061116	[23]	导师邮件解密，各位老哥帮弟弟看看	1.0	2.0	44111	5.0
490	42612520	本西红柿	0.060608	0.060608	[23]	你们不喜欢相亲的原因是因为什么？	1.0	2.0	43350	20.0
491	42581646	詹姆斯穿紫色	0.060323	0.060323	[18]	兄弟们，这又开始做实验了，他们自己都带口罩，我默默关上了窗	1.0	2.0	0	12.0
492	42613273	回形针PaperClip	0.060228	0.060228	[23]	【回形针PaperClip】F1 赛车如何靠「作弊」夺冠?	1.0	3.0	17979	8.0
493	42612506	Essentially	0.059963	0.059963	[23]	加入虎扑五周年啦，哈哈哈	1.0	2.0	40220	46.0
494	42613400	小小金1	0.059609	0.059609	[23]	希望你能看得到	1.0	1.0	0	3.0
495	42590281	飞人帮主45	0.059608	0.059608	[18]	特斯拉当自己是衣食父母吗	1.0	2.0	38071	56.0
496	42591281	凑合过吧还能离是咋滴	0.059455	0.059455	[18, 26]	某男子吃烤肉时，遇到贝壳欲逃离烧烤架	1.0	3.0	0	16.0
497	42595602	虎扑JR0858781754	0.059230	0.059230	[18]	怎么把拉屎说的文雅端庄一点？	1.0	2.0	0	95.0
498	42612658	顶级男神	0.073313	0.058651	[23]	这四个人是607080多少人的青春	1.0	3.0	0	10.0
499	42601855	GGhouston	0.058590	0.058590	[18]	当你知道前女友有了新的男朋友的时候，会是怎么样？	1.0	1.0	39217,18952	106.0
500	42611154	凑合过吧还能离是咋滴	0.058334	0.058334	[23]	当一群牛商量如何对付农场主时	1.0	2.0	0	52.0
501	42615040	波特兰怀表修理工	0.057880	0.057880	[23]	加了妹子几天后。。。	1.0	2.0	0	2.0
502	42613056	宏民	0.057687	0.057687	[23]	在北京市区看到一座高耸入云的信号铁塔，上面是手机信号5G？ ​​​	1.0	2.0	42772,43502	5.0
503	42614701	塞七斯蒂安	0.057033	0.057033	[23]	刚才看到个妈妈在婴儿车上喷酒精	1.0	2.0	0	3.0
504	42613214	阿立立9888	0.056821	0.056821	[23]	日本妹子居然不信奥特曼	1.0	3.0	28502,42957	10.0
505	42613237	剑持勇	0.056399	0.056399	[23]	只要上场，硬核以对	1.0	2.0	0	63.0
506	42592380	步行街1号男神	0.056387	0.056387	[18]	丈夫生前打赏女主播255w，妻子整理遗产后发现要求主播返还	1.0	3.0	18852	9.0
507	42614489	一个努力的废物	0.055845	0.055845	[23]	我尽力了	1.0	2.0	0	12.0
508	42587662	虎扑热点资讯	0.055742	0.055742	[18]	湖北一商场有人高空抛裸照 ，警方：已接到报警，派出所介入调查	1.0	3.0	23148,26798	199.0
509	42613709	虎扑热点资讯	0.054311	0.054311	[23]	腾讯员工购房可申请最高90万免息借款，什么水平？	1.0	1.0	43032	19.0
510	42613813	xiaolin6009	0.054237	0.054237	[23]	Lee Cooper的半袖好便宜	1.0	2.0	35228	2.0
511	42614566	传福音富贵花	0.053193	0.053193	[23]	我的toonme为什么那么像变态	1.0	2.0	0	10.0
512	42613144	虎扑JR208940263	0.053128	0.053128	[23]	有个印度同事在这里，问下跟他吃饭闲聊时，是否可以问他是婆罗门或刹帝利？	1.0	1.0	42997	32.0
513	42599076	凑合过吧还能离是咋滴	0.053099	0.053099	[18]	这位家长太生动了:金钱使中年男人面目全非	1.0	3.0	37261	48.0
514	42614764	西虎基地	0.052971	0.052971	[23]	这只狗子要上天。	1.0	3.0	27194	4.0
515	42613089	LilxRay7	0.052271	0.052271	[23]	计算机准研究生目标进大厂求JRs建议！	1.0	2.0	19564,16989	18.0
516	42609276	HolyRoc	0.051755	0.051755	[23]	湘西风情王冰冰高清版	1.0	3.0	42755,328317	48.0
517	42581044	nofault	0.051430	0.051430	[17]	北大被清华压制了没有，各种排名很少胜出，是不是强行双娇了？	1.0	1.0	25156,26741	34.0
518	42612741	鲍小居	0.051228	0.051228	[23]	创业文具店	1.0	1.0	0	3.0
519	42601256	兔哥兔哥	0.050716	0.050716	[18]	【兔哥的一天】今天送了360个兔子，挣了447块钱	1.0	2.0	0	46.0
520	42603754	硕博圈	0.049798	0.049798	[18]	35岁破格晋升教授，41岁候选中国工程院院士！	1.0	1.0	24052,42734	42.0
521	42610481	保佑我发大财	0.049738	0.049738	[23]	感谢jr的摸鱼神器	1.0	2.0	0	28.0
522	42605652	取个拉风的昵称覺	0.049155	0.049155	[18]	jrs，女生眼中是只有两个游戏吗？	1.0	2.0	42684	180.0
523	42612772	春雨的白小楼	0.048687	0.048687	[23]	无意中我造成了车祸	1.0	1.0	0	4.0
524	42594437	虎扑热点资讯	0.048515	0.048515	[18, 26]	女生举报成都地铁发现暴露狂，女生：太恶心了！	1.0	3.0	42792	16.0
525	42562388	虎扑JR0487135678	0.048356	0.048356	[17]	什么工作看起来不体面，但是工资特别高?	1.0	2.0	37635,17077	236.0
526	42614600	第一单打手杰森塔图姆	0.047783	0.047783	[23]	大连有什么好玩的东西呀～	1.0	2.0	29830	3.0
527	42614995	虎扑JR0529427559	0.046601	0.046601	[23]	我不知道谁的错，惨绝人寰	1.0	2.0	0	3.0
528	42585712	田径之神	0.045690	0.045690	[17]	我发现跳槽工资涨10倍和在一家公司工资涨十倍，难度都很大	1.0	1.0	37635,39567	18.0
529	42613156	ku日天牛B	0.045577	0.045577	[23]	【2K克隆大战】30个库里大乱斗？	1.0	1.0	38576,15876,43339,42751	3.0
530	42591698	虎扑热点资讯	0.044829	0.044829	[17, 18]	因垄断腾讯将被处以15.4亿美元罚款	1.0	2.0	43032	465.0
531	42612748	零天赋射手	0.044615	0.044615	[23]	【零天赋】“离开腾讯做up，你疯了？”	1.0	3.0	43032	13.0
532	42613299	打发一包方便面	0.043922	0.043922	[23]	哥哥们，请问山东理工大学算是一本还是二本呢？	1.0	2.0	36745,184856,42749	7.0
533	42613571	狼王永存KGGGGG	0.043703	0.043703	[23]	什么时候放假休息也成了奢望了	1.0	2.0	0	9.0
534	42613958	詹韦瓜炮加丑文	0.054610	0.043688	[23]	陕西关中的jr进来，谭sir承包了我今天的快乐	1.0	3.0	43937	3.0
535	42553064	虎扑热点资讯	0.043381	0.043381	[18]	河南商贩收到4捆夹心蒜苔内藏钢筋、角铁、链条，什么水平？	1.0	3.0	24558	30.0
536	42614249	虎扑JR1858066520	0.043170	0.043170	[23]	如何比较得体又不失礼貌的跟一个人要联系方式	1.0	1.0	0	7.0
537	42614345	不许喊我起床	0.042945	0.042945	[23]	和两对室友情侣出去吃饭会非常尴尬吗？	1.0	1.0	18501	10.0
538	42614773	嗨伢	0.042276	0.042276	[23]	讨论帖：jrs听歌的时候有没有这首歌竟出在这张专的想法	1.0	2.0	42653	3.0
539	42570890	不爱熬夜的豌豆	0.041748	0.041748	[18]	欢迎英雄回家！荣归故里！	1.0	3.0	25844	6.0
540	42613252	白马航导	0.041522	0.041522	[23]	郭德纲对曲协的回应是什么水平	1.0	2.0	28294	12.0
541	42544418	虎扑热点资讯	0.041327	0.041327	[18]	江苏一特斯拉冲进包子店，现场已被封锁交警紧急处理	1.0	3.0	23333	46.0
542	42541490	虎扑热点资讯	0.041142	0.041142	[26]	12岁男孩被托管班同学浇502胶水，右眼皮死死粘住！你怎么看?	1.0	2.0	0	15.0
543	42613200	熬成球	0.040855	0.040855	[23]	司机这技术是真的牛啊	1.0	3.0	0	4.0
544	42613587	小明珠啊	0.040723	0.040723	[23]	家庭群的对话，让我想入非非…	1.0	2.0	0	9.0
545	42614528	虎扑热点资讯	0.040568	0.040568	[23]	[讨论] JRs第一台电脑是什么样的，以前最爱玩什么游戏？	1.0	3.0	19858	2.0
546	42614544	大Z没有aka	0.040378	0.040378	[23]	人在囧途啊	1.0	3.0	0	7.0
547	42607693	牛奶橙子老叔叔	0.040235	0.040235	[18, 23]	我要好好把握一下喷射套餐	1.0	2.0	25454	81.0
548	42613462	Fee958	0.040087	0.040087	[23]	想知道养一只狸花猫，橘猫这类的田园猫大概要花费多少钱	1.0	1.0	38042	8.0
549	42613342	虎扑JR1326237988	0.039793	0.039793	[23]	求助：不想跟女方确认关系 也不想断了怎么办	1.0	1.0	0	13.0
550	42614460	恒大小男神	0.039101	0.039101	[23]	暗恋的女神发朋友圈了，我该怎么才能吸引到她呢	1.0	2.0	0	8.0
551	42612724	ycgycg	0.039054	0.039054	[23]	就南京而言，南京房产局公务员，南大文科讲师，南京三甲医院科研岗位，哪个更好？？	1.0	1.0	18308,43046,30653	15.0
552	42593731	晨光小肥仔	0.037903	0.037903	[18]	印度男子为求氧气向警察下跪：“我向你下跪，救救我妈妈”	1.0	3.0	42997	127.0
553	42613001	冰帝迹部	0.037708	0.037708	[23]	女 生 沙 雕 行 为 图 鉴	1.0	3.0	0	13.0
554	42598327	龙123888	0.037705	0.037705	[17]	家人们一个月15000的工资真的不高嘛？有点怀疑自己了	1.0	2.0	37635	226.0
555	42613950	虎扑JR0004705562	0.037466	0.037466	[23]	三天又三天，三天又三天，京东售后是不是永远拖就一个字？	1.0	1.0	20434	11.0
556	42613322	骚骚的饺子	0.037234	0.037234	[23]	骨稞间隆突粉碎性骨折，必须做手术吗？	1.0	2.0	51648,24481	9.0
557	42613439	虎扑JR1812917975	0.034675	0.034675	[23]	985硕士毕业两年，这工资什么水平？	1.0	2.0	37635	33.0
558	42612887	灵熙宝宝	0.033840	0.033840	[23]	我就没见过这么恶心的老板	1.0	2.0	42862	13.0
559	42613960	K1ssZz4EvEr	0.042162	0.033729	[23]	辽北第一狠人彪哥！最狠的5场恶仗！爆笑！	1.0	3.0	0	3.0
560	42568899	擎天柱兔子	0.033527	0.033527	[26]	综合来看，深圳算国内最宜居的城市吗？	1.0	1.0	37349,42821	301.0
561	42614392	我是哈登登登	0.041631	0.033304	[23]	经典无法超越	1.0	3.0	43392	2.0
562	42613890	旭日之心	0.033143	0.033143	[23]	b保质期最后一天的面包，问下大伙这是发霉了吗？	1.0	2.0	32326	5.0
563	42613074	真爱社基地	0.032999	0.032999	[23]	一个渣男，花着交往了三年的女友的钱，同时还有AB两个女友	1.0	2.0	34928,25149	8.0
564	42613820	我十年老粉不请自来	0.032842	0.032842	[23]	吉他弦生锈了，自己换还是出去换好?	1.0	1.0	328520	21.0
565	42613663	虎扑JR0025662781	0.032836	0.032836	[23]	豆瓣女拳挂自己身边相亲的女生称婚驴预备役 需要警惕身边女拳师吗	1.0	2.0	27543	5.0
566	42614080	梦影随风	0.032473	0.032473	[23]	山村走出的博士感言：读书是否还能逆天改命？	1.0	2.0	32691	7.0
567	42614674	义安的冬天没有雪	0.030185	0.030185	[23]	问下数码区的老哥们	1.0	2.0	0	3.0
568	42614218	pggggg13	0.037610	0.030088	[23]	兄弟们，这个俯卧撑是什么水平？	1.0	3.0	21558	4.0
569	42612695	虎扑热点资讯	0.028391	0.028391	[23]	浙江绍兴一小区发生火灾，两名幼儿抢救无效不幸身亡，奶奶尚在抢救中	1.0	3.0	42748,44685	4.0
570	42615076	趁年轻多努力	0.028241	0.028241	[23]	驾车9个多小时，734公里。参加一个山西朋友的婚礼有感。	1.0	3.0	0	2.0
571	42612928	Forever丶科比布莱恩特	0.028224	0.028224	[23]	人球合一！这才是打篮球的最高境界哈哈哈	1.0	3.0	31973,19916	7.0
572	42613541	愤怒的大橘	0.028004	0.028004	[23]	【我要做视频】恐怖如斯，新人up的视频竟有如此功力？	1.0	1.0	0	9.0
573	42611159	火箭队队蜜	0.027353	0.027353	[23]	30岁成年男性，训练一年能打过张伟丽吗	1.0	2.0	25188	143.0
574	42614263	K1ssZz4EvEr	0.034167	0.027334	[23]	林丹戴口罩伪装自己与大爷切磋羽毛球	1.0	3.0	45882,25741	26.0
575	42614669	czs四散来	0.033775	0.027020	[23]	现在的小孩还能知道这是啥不？	1.0	3.0	45261	5.0
576	42614837	虎扑热点资讯	0.026174	0.026174	[23]	有效搞垮身体的五种姿势，JRs平时最喜欢的坐姿是哪种？	1.0	2.0	0	5.0
577	42614978	虎扑热点资讯	0.024653	0.024653	[23]	黑吃黑！男子买到假毒品报警，团伙吃定买家不敢报警专卖假毒品，什么水平？	1.0	3.0	0	8.0
578	42597480	虎扑篮球新闻	0.027206	0.024486	[17]	[流言板]保罗本赛季至今中投总得分和命中率均排在联盟第一	502.0	2.0	33253,33127	390.0
579	42614214	一只喵喵喵s	0.024416	0.024416	[23]	刚考上上海大学的研究生，这是一个认真的征友贴	1.0	2.0	42944	11.0
580	42614866	虎扑热点资讯	0.024007	0.024007	[23]	2020年外出农民工比上年减少466万人，你怎么看？	1.0	2.0	0	6.0
581	42613162	虎扑JR2080830879	0.023727	0.023727	[23]	张伟丽拿着一把詹姆斯，能打得过老虎吗	1.0	1.0	25188,38919,18536	9.0
582	42583517	让我一打九	0.023710	0.023710	[17, 18]	纯剧情而论，英雄联盟跟魔兽世界哪个更经典？	1.0	2.0	34358,19567	76.0
583	42614569	追已	0.023473	0.023473	[23]	我算好看吗？去年离婚，今刚准备开始的新感情也被破坏了，现在31岁了，还有希望吗？	1.0	2.0	28580	5.0
584	42612559	虎扑JR1513081087	0.023094	0.023094	[23]	今天双倍开心，发工资+放假，本来以为发5000，没想到发了10000，三倍开心	1.0	2.0	37635	14.0
585	42603375	虎扑篮球新闻	0.025403	0.022863	[17]	[流言板]杜兰特成篮网队史首位62%以上命中率砍下40+10的球员	502.0	2.0	23124,32044	384.0
586	42614761	虎扑热点资讯	0.022847	0.022847	[23]	新加坡房价大涨销量翻番，77平米样板间卖900万，什么水平？	1.0	3.0	59378,40883,55479	10.0
587	42614365	一半安	0.022243	0.022243	[23]	北京一天时间，去哪玩最好	1.0	1.0	42772	7.0
588	42608649	芸芸众生中的一粒尘埃	0.021968	0.021968	[23, 24]	吃遍盖饭第四十七天 小炒猪肝盖饭 12元	1.0	2.0	47526,24054,35927	204.0
589	42614458	想找一个活泼好看贴心的女朋友	0.021836	0.021836	[23]	9月研究生入学，现在找了两份兼职，请家人们帮我选一下	1.0	1.0	40436	14.0
590	42609318	虎扑篮球新闻	0.024200	0.021780	[24]	[流言板]英格拉姆：当我和威廉森完全磨合后，我们将更可怕	502.0	2.0	40291,21277	263.0
591	42613279	打发一包方便面	0.021377	0.021377	[23]	有没有jrs哥哥姐姐能讲解一下应聘大学或者大专辅导员的一些情况？拜托了！	1.0	2.0	33282,27655	8.0
592	42614705	洁克船长LGH	0.021107	0.021107	[23]	请问这个是什么动漫？	1.0	2.0	28931	3.0
593	42613915	ku日天牛B	0.020327	0.020327	[23]	各位JR好今天你们有没出现这个天气异像？	1.0	2.0	0	8.0
594	42612844	阿伦艾佛强	0.020022	0.020022	[23]	专升本上岸人1个月的冲刺没有辜负可以进来分享一下经验	1.0	2.0	38633	13.0
595	42603188	虎扑篮球新闻	0.022228	0.020005	[18]	[流言板]下半场发力！杜兰特全场砍下42分3篮板10助攻	502.0	1.0	32044	1508.0
596	42612973	湾区房产教授	0.018291	0.018291	[23]	LPR 房贷利率迎来重新定价，你的月供降了吗？未来 LPR 是升还是降？\n	1.0	2.0	61186	6.0
597	42600223	运球运到地老天荒	0.176151	0.017615	[18]	知道大家的女朋友选了马修斯了，可以别发了吗	1.0	2.0	32836,27708	38.0
598	42612637	凹凸曼的爸爸	0.016243	0.016243	[23]	兄弟们，我爸妈他们不怎么支持我专升本，他们觉得专升本没有多大用处，好烦啊。。。	1.0	2.0	38633	49.0
599	42584039	C默	0.015616	0.015616	[18]	肯德基疯狂星期四9.9原味鸡加脆皮鸡	1.0	2.0	176555,18973,34047	142.0
600	42613472	全开boy	0.015268	0.015268	[23]	维耶里为啥30左右就突然下滑了？	1.0	2.0	21141	9.0
601	42614668	晨光小肥仔	0.015195	0.015195	[23]	因四处找不到氧气，印度警察让新冠患者坐树下增加氧量	1.0	3.0	42997,192088	8.0
602	42570948	LawyerPeng	0.147745	0.014775	[17]	很奇怪，我女朋友为啥不爱化妆呢	1.0	2.0	32836	159.0
603	42605224	虎扑篮球新闻	0.015495	0.013946	[17, 18]	[流言板]斯蒂芬-库里4月份共命中96记三分，创NBA历史纪录	502.0	2.0	38576,38321,42664	308.0
604	42614646	晨光小肥仔	0.013266	0.013266	[23]	印度两男子发疫情财，将灭火器冒充氧气瓶出售后被捕	1.0	3.0	42997	7.0
605	42614464	罗不斯	0.117484	0.011748	[23]	打几分家人们	1.0	2.0	0	3.0
606	42613931	守护毛毛哥	0.011693	0.011693	[23]	【毛毛哥情感研究所】约会项目推荐&理由，快升温关系！	1.0	2.0	25016,44314	5.0
607	42603850	虎扑篮球新闻	0.010884	0.009795	[18]	[流言板]纳什：我只需要安排杜兰特上场，然后好事情就会发生	502.0	2.0	29088,32044	380.0
608	42604943	虎扑篮球新闻	0.008050	0.008050	[18]	[赛后]勇士114-126森林狼，库里37分6板8助，卢比奥26分6板6助	177.0	1.0	38576,32020,23332,23739	425.0
609	42603141	虎扑篮球新闻	0.006207	0.006207	[18]	[赛后]篮网130-113步行者，杜兰特42分3板10助，勒韦尔36分4板5助	177.0	1.0	23124,32044,26974	419.0
610	42612749	chris太阳名宿paul	0.057844	0.005784	[23]	这么猛的吗？	1.0	3.0	0	4.0
611	42612725	虎扑JR2080830879	0.003406	0.003406	[23]	李景亮能打得过张伟丽吗？	1.0	1.0	25188,33525	13.0
612	42614628	北平有个家	0.017880	0.001788	[23]	Xdm要和女神去音乐节了！！！求助	1.0	1.0	25963	5.0
613	42586411	并不重要	0.328137	0.000033	[17, 18]	这种人能惯着吗	85.0	1.0	0	49.0
614	42583706	voliCD	0.321762	0.000032	[17, 22]	骆歆不甘心最后一次尝试COS，大家看出来COS了啥吗？	85.0	2.0	43266,53016	130.0
615	42602659	我萌库不射三了	0.288821	0.000029	[18, 22]	关于美测试服对打野的改动	85.0	2.0	0	49.0
616	42601232	想和你一起拉粑粑	0.287094	0.000029	[18, 22]	朋友的刀妹高地1v5	85.0	3.0	36459,24555	123.0
617	42600950	张扬吾儿占我名字	0.285556	0.000029	[18, 22]	国服再不整治，游戏就臭了	85.0	1.0	42684,35358	77.0
618	42577283	AustinR1vers	0.283710	0.000028	[22]	《一头攒死》	85.0	3.0	0	31.0
619	42608477	西哥哥www	0.282324	0.000028	[17]	为什么乐言首播微博下全部都是让他谨慎言行？	85.0	2.0	26459,42702	22.0
620	42585861	王洪宇和张思成	0.282073	0.000028	[17, 18, 22, 26]	兄弟们这个是什么意思？	85.0	2.0	0	65.0
621	42556924	清清如风	0.276935	0.000028	[22]	看了西卡之前的视频，发现跟canyon也太像了，就像双胞胎一样	85.0	2.0	57124	54.0
622	42582459	虎扑JR0035087621	0.276380	0.000028	[17, 18, 22, 26]	这脑回路把我看笑了	85.0	2.0	0	55.0
623	42557370	镰仓高校诈欺师	0.262624	0.000026	[22]	请问我这个头像是日女还是瑞文	85.0	2.0	0	60.0
624	42604569	654546545	0.257887	0.000026	[22]	很久之前玩刀妹拿的一个5杀。	85.0	3.0	36459	37.0
625	42611576	这也能复出啊bo哥	0.256870	0.000026	[22]	半价进，睡衣ez和至臻ez哪个好一点?	85.0	2.0	42965	73.0
626	42602628	5lim5hady	0.255894	0.000026	[18]	xdm这几个哪个可冲？	85.0	2.0	0	47.0
627	42579678	海棠边的小仙人	0.252036	0.000025	[22]	【考古视频】2021赛季解说Kris的广义相对论经典语录	85.0	3.0	51658,18586	19.0
628	42595099	芹菜炒肉yyds	0.246370	0.000025	[17, 18, 22]	不懂就问，这题答案应该是多少	85.0	2.0	0	52.0
629	42576648	科恩兄弟电影公司	0.244419	0.000024	[22]	冰拳赛娜太上瘾了，玩了一整天都玩不够	85.0	1.0	26520	317.0
630	42573201	诺克萨斯之盾	0.241140	0.000024	[22, 26]	什么英雄能克制佐伊？？？	85.0	1.0	25844,23966	164.0
631	42602887	voliCD	0.299763	0.000024	[18, 22]	努努开W可以穿墙详解，这招BUG一般的技巧真的离谱	85.0	3.0	42681	29.0
632	42584087	一位不愿意透露姓名的粉丝	0.233162	0.000023	[17, 22]	为什么腾讯从来都不打算治理国服演员与代练的行为吗	85.0	1.0	43032,35358	130.0
633	42556599	天是蓝白城是红蓝	0.233080	0.000023	[18]	晚上遇到离谱玩家，破防了	85.0	2.0	17780	19.0
634	42610401	令尊	0.223871	0.000022	[22]	五一这作业什么水平？	85.0	2.0	0	29.0
635	42587548	Paradoxe	0.217348	0.000022	[22]	兄弟们，来看看我这达摩是否能让亚索喊一声爹？	85.0	3.0	24212,31369	19.0
636	42594487	芹菜炒肉yyds	0.216500	0.000022	[17, 18, 22]	经典回顾，怎么评价这件装备？	85.0	2.0	17176	193.0
637	42590635	Quite丶boy丶cy	0.214115	0.000021	[18, 26]	[流言板]RNG发布MSI首战倒计时	85.0	2.0	42967,42791	84.0
638	42607562	吹水诗人	0.205908	0.000021	[22]	兄弟们瞎子至高和神龙二选一	85.0	1.0	23674,23822	27.0
639	42607511	绝境狂小P	0.205871	0.000021	[17, 18, 22]	冰岛离西欧挺远的，延迟会不会很高	85.0	2.0	18932	60.0
640	42556625	ibeat_juve	0.203733	0.000020	[18, 22]	台服低成本cos补充图	85.0	2.0	43266,25078	31.0
641	42572786	哈登基地	0.201459	0.000020	[22]	狗子在河道偶遇小虎，谁也不敢把对方怎么样，小虎好怂	85.0	3.0	21798,27194	37.0
642	42599467	乔老爷子手里的球	0.199454	0.000020	[18]	魔女刺太猛了，感觉会削	85.0	2.0	17620	27.0
643	42608733	火车叨位去a	0.196012	0.000020	[17, 18, 22, 26]	兄弟们搜不到腾扬赛评了	85.0	2.0	328293	82.0
644	42607117	孔鹅基地	0.196012	0.000020	[18, 22]	半价皮 大家都买了啥	85.0	2.0	0	82.0
645	42601081	艾弗森去报警	0.195755	0.000020	[17, 18, 22]	现在有什么主播梗比本人火的？	85.0	2.0	0	139.0
646	42599869	富尔茨十年老粉	0.190974	0.000019	[18, 22, 26]	有些时候你真不知道你队友是在用什么玩LOL	85.0	2.0	42643,31647	23.0
647	42609701	帝国指令	0.190919	0.000019	[22]	轮子妈有无皮肤可冲	85.0	1.0	32328,21709	18.0
648	42560189	voliCD	0.186531	0.000019	[18, 22]	感觉太瘦了，哪些选手你觉得需要增肥？	85.0	2.0	56250	76.0
649	42577417	sju	0.186528	0.000019	[18]	黄金晋级赛了xdm	85.0	2.0	0	23.0
650	42603404	虎扑JR0131530819	0.184695	0.000018	[18, 22]	大伙，这是什么情况	85.0	2.0	0	15.0
651	42599734	益达呢	0.183039	0.000018	[18, 22]	兄弟们，抢7了，win or go home	85.0	2.0	0	41.0
652	42603052	voliCD	0.227175	0.000018	[22]	有挂啊，北枫琪亚娜连杀四分钟回不了家？	85.0	3.0	0	38.0
653	42570388	虎扑JR0965421567	0.181221	0.000018	[22]	台服低成本cos一张图引起正反两方网友论战	85.0	2.0	43266,25078	57.0
654	42557457	斯帝分丶库里	0.221171	0.000018	[22]	xdm，这是脚本吗	85.0	3.0	0	70.0
655	42580427	睡前喝可乐	0.173979	0.000017	[22]	想问一下Ad玩家，对很菜女性的是否会开喷。	85.0	1.0	17780,42636	102.0
656	42606543	喻余鱼幺尧妖	0.171739	0.000017	[22]	五一冲这几个皮肤怎么样	85.0	2.0	21709	62.0
657	42595511	跳跳骑士呀	0.170901	0.000017	[17, 18, 22]	这个区马上将迎来一位黄金大神	85.0	2.0	0	35.0
658	42582186	逆风输出是这么傻	0.170273	0.000017	[17, 18, 22]	真有人给狗起名卡子哥啊	85.0	2.0	0	71.0
659	42588828	没有感情的杀手猪	0.170070	0.000017	[17, 22, 26]	有一说一，这首歌是不是一代目梗或者圣经之一？	85.0	2.0	0	95.0
660	42584908	Sean_94	0.167642	0.000017	[22, 26]	最近赛娜的帖子蛮多，聊聊辅助赛娜常见的三种天赋出装	85.0	1.0	26520	73.0
661	42612209	奇瑞董事长尹同跃	0.166012	0.000017	[17, 22]	[情报站]G2社交媒体更新MSI夺冠旧照：回首已恍如隔世	85.0	2.0	42899,42967,26716,43213	28.0
662	42609145	希望小ig能好起来	0.161424	0.000016	[22]	有没有买了DWG豹女和烬皮肤的兄弟，分享一下感觉啊	85.0	2.0	43318,29750,21709	35.0
663	42607979	盲人小画家	0.159745	0.000016	[17, 18, 22]	他去冰岛了，店里生意咋办	85.0	2.0	18932	67.0
664	42604895	吃饱喝足后希望第二天拉的顺畅	0.157325	0.000016	[22]	雷恩加尔。狮子狗皮肤怎么选？	85.0	1.0	62488,21709	21.0
665	42607819	顾实i	0.155411	0.000016	[22]	金克丝的丧尸皮肤为什么没有半价	85.0	2.0	16840,21709,33038	26.0
666	42561892	镜泊湖宁心	0.154058	0.000015	[17, 22]	按我的排名方式，今年许秀如果夺得msi，能不能超过皇冠，成为历史第三中单？	85.0	1.0	22673,42967,23719,42921,62831	111.0
667	42605664	旧城bb机一号	0.153482	0.000015	[17, 18, 22]	兄弟们太阳女孩哪个皮肤好	85.0	2.0	21709	44.0
668	42592455	牛牛要炸啦	0.152671	0.000015	[18, 22]	看看大伙儿在迪士尼中是什么样子	85.0	2.0	20842	263.0
669	42577106	谁还不是个废物呢	0.152085	0.000015	[17, 18, 22, 26]	lol为啥没有黑人选手	85.0	2.0	42643,27085	116.0
670	42588655	是哈登呀	0.151695	0.000015	[17, 18]	表面是加强肾，其实是加强……	85.0	2.0	0	49.0
671	42553234	体系球员库日天	0.151287	0.000015	[22]	寝室开黑打出完美团战	85.0	3.0	43509,24406	68.0
672	42563818	寻你一缕残香	0.150713	0.000015	[17, 22, 26]	关于RNG为什么嗯往北飞有必要科普一下竖版世界地图	85.0	2.0	42791,58494	50.0
673	42610695	所列哇多卡呐	0.149788	0.000015	[22]	道聚城这次免单活动应该还在	85.0	2.0	0	27.0
674	42557821	Flasherman	0.143941	0.000014	[22]	这大概是匹配最精彩的偷家了	85.0	3.0	0	28.0
675	42556548	范帕西	0.141544	0.000014	[18]	为什么RNG那组少了一个队，反而要多打两场？	85.0	1.0	42791	40.0
676	42608423	哈登基地	0.139698	0.000014	[17, 22]	MSI历史TOP20最强操作名场面，什么水平	85.0	3.0	42967	22.0
677	42602697	voliCD	0.138847	0.000014	[17, 18, 22, 24, 26]	对于咱LPL玩家来说，最荡气回肠的一场比赛你觉得是哪场？	85.0	2.0	17780,42709	410.0
678	42587325	菲比沃勒布里奇	0.138160	0.000014	[17, 18, 22]	家人们假如你是letme你会不会和打野双人成行啊？	85.0	3.0	43653	214.0
679	42586688	东非大裂开	0.137928	0.000014	[18, 22]	Lwx Doinb双人成刑 笑到打鸣	85.0	2.0	42659,52056,327304	27.0
680	42597038	虎扑JR1800357908	0.137264	0.000014	[17, 18, 26]	今晚训练赛，RNG会透露训练赛录像让粉丝看看嘛？	85.0	2.0	42791	54.0
681	42609853	假寐现实两难	0.137176	0.000014	[22]	HXDM，半价皮肤怎么买炫彩啊？	85.0	1.0	21709	13.0
682	42572415	会补益的黄盖	0.134726	0.000013	[22]	乌兹绝活vn秀翻3人 1V3反杀两个	85.0	3.0	204253	67.0
683	42576410	猪皮香油怪	0.134574	0.000013	[17, 22]	灵隐寺求姻缘，阿水是不是已经社死了	85.0	2.0	39974	76.0
684	42581001	Rosebay小霸王	0.133562	0.000013	[17, 18, 22]	拳头就是这么一副B样子，教人玩游戏	85.0	2.0	16267	191.0
685	42578578	瓦罗兰白银饭店	0.131135	0.000013	[22]	放下曾经的罪痕和雪茄，格雷福斯是不是近期最惨的英雄？	85.0	2.0	84179,327009,47429	45.0
686	42590328	舞姿行不行	0.129901	0.000013	[26]	说knight不会玩支援型中单就离谱	85.0	2.0	22673,43375	37.0
687	42612180	芹菜炒肉yyds	0.128258	0.000013	[22]	leyan即将直播，回过头看，你如何评价当初这个卡BUG	85.0	2.0	43177,54457	45.0
688	42610799	EDG替补AD	0.127585	0.000013	[22]	五五开黑节推荐一个ez皮肤	85.0	2.0	42965,29658,21709	48.0
689	42607803	虎扑JR1916384863	0.126336	0.000013	[22]	有jr买了dwg皮肤了吗？分享一下	85.0	1.0	43318,21709	69.0
690	42608089	红色方的小兵	0.126112	0.000013	[18, 22]	不懂就问，你胜率最高的英雄是？	85.0	2.0	25844	230.0
691	42591628	LONGMystic	0.125418	0.000013	[17, 18, 22, 26]	盘点历届MSI，哪届最精彩？	85.0	2.0	42967	221.0
692	42602941	库里是人生理想	0.125380	0.000013	[18, 22]	又菜又爱买皮肤怎么办	85.0	2.0	21709	108.0
693	42613076	梧桐树下的野狐	0.124231	0.000012	[22]	真有你的腾讯……	85.0	2.0	43032	24.0
694	42586006	RosieTsley	0.122884	0.000012	[18]	列出lol强力上单的荣誉，谁的成绩最有说服力？	85.0	1.0	42643,34499	16.0
695	42556670	虎扑JR0743546946	0.122120	0.000012	[22, 26]	云玩家鉴定装备，萌动眼石有多少人不知道机制？	85.0	2.0	17176	122.0
696	42596879	piaolaoshi	0.122019	0.000012	[17, 18, 22]	什么好打对抗路达摩？	85.0	1.0	24212	112.0
697	42599990	clearlove明恋	0.120807	0.000012	[22]	陪侄子一起玩耍的Theshy 你见过吗？	85.0	3.0	42880,45493	11.0
698	42602869	voliCD	0.120128	0.000012	[18, 22, 26]	说到Ming的代表英雄你第一时间想到什么？	85.0	2.0	58035,25844	109.0
699	42605986	654546545	0.118609	0.000012	[22]	翻到上赛季1V5 5杀的剑姬，jr们评价一下	85.0	3.0	18586,36604	28.0
700	42586228	Akarichou	0.118376	0.000012	[17, 18, 22, 26]	为什么msc含金量比msi低	85.0	1.0	43991,42967	206.0
701	42560150	萌哒哒瓦力	0.147758	0.000012	[17, 22]	彩旗卡特这波操作什么水平，地球上卡特天花板不为过把	85.0	3.0	17528,159278	35.0
702	42606098	虎扑JR1783521892	0.115855	0.000012	[18]	家里网络为什么会有网吧全英雄免费的标志	85.0	2.0	0	3.0
703	42560455	德国boy	0.114896	0.000011	[17, 18, 22]	问个全华班的问题	85.0	1.0	0	163.0
704	42572213	虎扑JR2088932028	0.113985	0.000011	[17]	克隆模式10个塞拉斯是不是学大招没用	85.0	1.0	30300,37662	18.0
705	42560172	voliCD	0.113919	0.000011	[17, 26]	大腿，你排位里匹配到的最强队友都是什么段位？	85.0	2.0	38555,22812,31647	65.0
706	42598180	邪见sama	0.113585	0.000011	[17, 18, 22]	坏了，还真让西卡玩明白了，我看杨超越看着看着就觉得她像西卡，我是不是病了兄弟们	85.0	2.0	18248,32744	46.0
707	42600411	Talk_ing	0.112659	0.000011	[17, 18, 22]	我是不是匹配到阿水了。。。	85.0	2.0	39974	75.0
708	42574039	杨过家的雕	0.110854	0.000011	[17]	虎牙20亿，获得未来五年LPL,LDL以及LPL全明星赛转播权，赛后制作权等！	85.0	2.0	42709,46839,38602	14.0
709	42588154	小然不开心	0.110344	0.000011	[18, 22]	到底什么英雄好打诺手啊	85.0	1.0	25844	182.0
710	42609662	英雄联盟大神	0.110265	0.000011	[17, 22, 26]	大家看看我这波小锤石能不能上MSI	85.0	3.0	42967,19356	23.0
711	42611745	虎牙红莲	0.109385	0.000011	[22]	云顶S5阵容推荐	85.0	2.0	42897,18665	15.0
712	42610517	少点谩骂多点理性讨论	0.105884	0.000011	[22]	MSI排位概况（2）DK全员大师，RNG或已经确定版本思路，C9掏出黑科技	85.0	2.0	57169,52629,42967,42791,42697,22812	15.0
713	42600878	承渲的老公	0.105828	0.000011	[18]	Doinb直播遇演员 3打7赢了	85.0	2.0	42659	39.0
714	42600943	For丨Kobe	0.105733	0.000011	[17, 18]	瑞兹这个皮肤好用吗	85.0	2.0	23636,21709	31.0
715	42587285	天选塔姆	0.105690	0.000011	[18]	截图预测谁会在MSI中carry呢~	85.0	2.0	42967	33.0
716	42608343	Kyran欧皇	0.105226	0.000011	[22]	晒单了兄弟们，都买了哪些好皮肤	85.0	2.0	21709	91.0
717	42586735	股票猛飞	0.104815	0.000010	[26]	当年的星际高手如果玩LOL， 最差的都不会太差吧？	85.0	1.0	42643,327387	61.0
718	42606285	阿瓦隆魔术师	0.104660	0.000010	[22]	如果2020msi正常举办	85.0	1.0	0	13.0
719	42568232	汉中王_关羽	0.104463	0.000010	[18, 22, 26]	韩援的影响力其实是一直在慢慢下降的	85.0	1.0	0	129.0
720	42610104	潇洒哥y	0.103894	0.000010	[22]	51半价推荐个杰斯皮肤	85.0	2.0	38684,21709	59.0
721	42606618	凌水河男子技工学院校草	0.101658	0.000010	[22]	刚刚用了张体验券	85.0	2.0	0	26.0
722	42578528	虎扑JR1296041836	0.100046	0.000010	[26]	韩服前十那个shenzhenshaoye是谁	85.0	2.0	25200	34.0
723	42614774	棒棒糖行哥	0.098299	0.000010	[22]	【直播】顶级折磨TheShy卡莉斯塔对线石头人 对面4分钟补了2刀	85.0	3.0	42880,28034,36131	10.0
724	42576227	李四i	0.098251	0.000010	[17, 18]	[赛后]虎牙中韩赛：SLD 2-2 韩国2队，团战致胜，韩国扳平比分	85.0	2.0	28529,318407,24406,43016,319533,38602	12.0
725	42598834	pix1z	0.098238	0.000010	[17, 18, 22]	什么英雄能对线打过狗头啊？	85.0	2.0	25844,51881	265.0
726	42602587	方起鹤	0.098229	0.000010	[18]	明天就是五一了，想给别人老婆买身衣服，大家给推荐推荐	85.0	1.0	23767	35.0
727	42613775	天选塔姆	0.094731	0.000009	[22]	分享一组星守柴犬头像	85.0	2.0	37957	8.0
728	42611720	狂风治理指明节奏	0.094121	0.000009	[17, 22]	但凡休赛期冰冰跟kk打两把麻将粉丝都不致于拆队	85.0	1.0	20708,59897	53.0
729	42608367	这感觉已经不对我努力再挽回	0.090717	0.000009	[18, 22]	同样是赌狗，为什么这么多人想山泥若回来解说？	85.0	1.0	0	25.0
730	42600871	Contiflyaway	0.089521	0.000009	[17, 22, 26]	Doinb排到AD演员又，最后看到要赢了，AD在家挂机，中路和打野高地前二打四赢了	85.0	1.0	42659,42648,24555,42636,18926	72.0
731	42607980	不是糖油是你粑粑	0.088501	0.000009	[22]	兄弟们半价皮肤这几个可以吗	85.0	2.0	21709	23.0
732	42557881	voliCD	0.087446	0.000009	[22]	当老鼠单挑螳螂在现实中会是怎样，虚空掠夺者完全碾压	85.0	3.0	35840,36609,23758	39.0
733	42593301	dfsrain	0.087344	0.000009	[18]	LOL里安妮这个英雄是否已经被淘汰了	85.0	1.0	42643,25844,24990	46.0
734	42581079	voliCD	0.087040	0.000009	[18, 22, 26]	不懂就问，诺手玩家最想对线什么英雄？	85.0	2.0	17780,25844,20953	93.0
735	42582023	海棠边的小仙人	0.086810	0.000009	[17, 18, 22]	【考古视频】369：RNG的说要把我骰子打碎	85.0	3.0	42791,53278	30.0
736	42574753	葫芦头一点	0.084154	0.000008	[22]	国服最强主播剑魔没跑了，小超梦剑魔塔下真1V3三杀！	85.0	3.0	17652,34332,35358	46.0
737	42558295	重度拖延大王	0.083650	0.000008	[17, 18, 22]	战马这句话是否意味深长？	85.0	2.0	30551	152.0
738	42577755	voliCD	0.101844	0.000008	[17]	回顾The Shy路人局名场面，卢锡安后仰跳投真离谱操作？	85.0	3.0	21369,42701,29342,42703	14.0
739	42586798	打球很菜买水很快	0.080287	0.000008	[22]	我这个张飞咋样？把对面达摩治得死死的	85.0	3.0	17872,43635,24212	29.0
740	42597645	小居居怪	0.079570	0.000008	[26]	灵异事件求解答	85.0	3.0	0	6.0
741	42596849	虎扑JR0311919085	0.078973	0.000008	[17]	想问一下jr们人均收入多少，电竞岗位10K值得去吗	85.0	1.0	30653	16.0
742	42553810	会补益的黄盖	0.078073	0.000008	[22]	UZI：16杀5W输出2V5带上野辅助究极翻盘局！	85.0	3.0	43174,42790,17641	31.0
743	42611841	俺是保安	0.077814	0.000008	[22]	我这大乱斗开局什么水平，可以竞争历史最菜吗	85.0	2.0	15876	9.0
744	42602440	ComedesGarcons	0.077068	0.000008	[17, 18]	看了两天左手的直播 现在是rank也开始迷了	85.0	2.0	35522	61.0
745	42557898	少点谩骂多点理性讨论	0.076819	0.000008	[18, 22]	[情报站]LCK官方发布春季赛五杀合集，Ghost两次上榜	85.0	2.0	24932,57129,43947,26716	97.0
746	42570282	Goyt	0.075597	0.000008	[22]	【投票贴】虎扑玩梗舍我其谁，快来票选出那些最经典的梗吧！	85.0	2.0	40220	100.0
747	42610922	三分扣篮太空易	0.073627	0.000007	[22]	兄弟们求推荐皮肤	85.0	2.0	21709	22.0
748	42571861	沙口基地	0.072005	0.000007	[26]	两年前的今天 uzi拿到自己第一个冠军（第三场有亮点）	85.0	2.0	43174,24859	44.0
749	42605283	你多你也嘛	0.069720	0.000007	[22]	为啥符文法师瑞兹只能带一个主符文	85.0	1.0	22644,23636,24763	15.0
750	42608107	Pendragon	0.069624	0.000007	[22]	半价皮肤，8选5，求老哥们给给意见	85.0	2.0	21709	52.0
751	42594990	人造猛男	0.068875	0.000007	[26]	msi其实除了中韩，psg真的很厉害，	85.0	1.0	42967,44270	12.0
752	42613160	风兄弟	0.068743	0.000007	[17, 22]	腾杨 rng kz 那一场到底收到多少W	85.0	1.0	52452,42791	18.0
753	42611694	股票猛飞	0.067826	0.000007	[17, 22]	rng如果买来天使替换果子，从中单特性来说，哪方面会有提高？	85.0	1.0	22673,42791,16091,27661	39.0
754	42558400	小Tian的金头盔	0.066908	0.000007	[22]	老鼠在大乱斗里是什么级别的英雄？	85.0	2.0	35840,42753,15876,25844	91.0
755	42568399	天选塔姆	0.066355	0.000007	[18]	天选塔姆：你觉得现在的LPL算不算是第一赛区？ ​​​​	85.0	2.0	20978,42709	15.0
756	42609753	莎士比亚剧情队	0.066335	0.000007	[22]	转会期，除了tes，还有哪家是和队友比薪资要高薪的么	85.0	2.0	43130,31647	53.0
757	42584712	麦金白	0.065992	0.000007	[17, 22]	盲僧皮肤推荐	85.0	2.0	29414,21709	92.0
758	42575004	姬八酱和大白鹅	0.065626	0.000007	[22]	上路沙漠活佛对线码头菩萨谁强？	85.0	1.0	20953,38940	45.0
759	42608851	有辣椒还怎么吃	0.064594	0.000006	[22]	卡莎这几个皮肤哪个好？	85.0	2.0	21092,21709	56.0
760	42572619	傲气面对万重浪	0.062429	0.000006	[17]	塞拉斯的故事挺有意思的	85.0	2.0	30300	22.0
761	42598561	勇敢的Peter	0.061914	0.000006	[18, 22]	家人们，还有什么高性价比皮肤推荐吗？	85.0	2.0	21709	99.0
762	42607741	真男人噢也	0.061865	0.000006	[22]	跟英雄联盟相比，为啥dota没有固定的打野位？	85.0	1.0	42713,19567	11.0
763	42602735	voliCD	0.061537	0.000006	[18]	疯狂Gank，说到“世一抓”你觉得哪些选手能被提名？	85.0	2.0	27085	24.0
764	42559954	轻拟	0.061169	0.000006	[17]	为什么人们喜欢全华班，不还是因为全华班的冠军他们夺不走吗？	85.0	1.0	24859	50.0
765	42610894	少点谩骂多点理性讨论	0.060396	0.000006	[22]	[流言板]LGD杭州主场重新开放，夏季赛LGD将重回杭州	85.0	2.0	42854,42727	15.0
766	42607453	虎扑JR0001884605	0.060110	0.000006	[18, 22]	RNG的8场MSI比赛全是深夜档 打工仔深夜加班？	85.0	2.0	42967,42791	19.0
767	42586928	小伙还很嫩	0.059854	0.000006	[18]	以下这几位打野选手里，谁的英雄池最深？	85.0	1.0	42648,27085	41.0
768	42611505	Euphy_W	0.059590	0.000006	[22]	[韩网翻译] 韩媒：MSI前瞻，DK首战对手为重组归来的C9	85.0	2.0	57169,42967,34618,15647	12.0
769	42573873	二狗小霖	0.059557	0.000006	[18]	莎莉这队伍总是犯同样的错误	85.0	2.0	55922,25046	30.0
770	42607335	虎扑JR0791374908	0.059424	0.000006	[22]	往黑暗点来想，tabe是是不是故意的？	85.0	1.0	172098	53.0
771	42560825	轻拟	0.059042	0.000006	[18]	有一说一，大乱斗能不能也整个排位啊？	85.0	1.0	15876,22812	63.0
772	42612906	海棠边的小仙人	0.058545	0.000006	[22]	【直播】Doinb在微笑直播间送出火箭，微笑一把游戏2个5杀	85.0	3.0	42659,45046,42684	3.0
773	42610043	Quite丶boy丶cy	0.058199	0.000006	[22]	[流言板] RNG发布MSI首战倒计时 6天	85.0	2.0	42967,42791	18.0
774	42589512	Goyt	0.058143	0.000006	[26]	【MSI大预言家】MSI小组赛预测，参与竞猜赢Q币~将有神秘嘉宾助阵哦!	85.0	2.0	25380,42967	49.0
775	42609541	虎扑JR0170060705	0.058044	0.000006	[22]	rng粉丝现在怎么看待uzi	85.0	1.0	43174,42791	96.0
776	42606712	狂风之力丶	0.057685	0.000006	[22]	星守和睡衣ez特效是一样的吗？	85.0	1.0	42965,46859	27.0
777	42602789	voliCD	0.057252	0.000006	[17, 18, 22]	有一说一，LOL里的最强位移你觉得是哪个？	85.0	2.0	42643,25997	110.0
778	42605148	黑乎乎嘎嘎嘎	0.056996	0.000006	[17, 22]	测试服改动：惩戒改成全等级固定伤害	85.0	2.0	22850,25114,38394	93.0
779	42599977	clearlove明恋	0.056691	0.000006	[18, 22]	Nuguri亲自演示凯南皮肤回程	85.0	3.0	30310,207812,21709	13.0
780	42590997	7b8	0.056623	0.000006	[17, 18]	如果lol视野机制改成只能看到英雄前面的视野会怎么样?	85.0	1.0	28480,22930,42643,25844	24.0
781	42553589	方体1234	0.056385	0.000006	[18]	[战报]斗鱼中韩对抗赛：AOA队2:1 OVO队，小景死歌化身死神出山终结OVO	85.0	2.0	32081,23491,24916,175365,43705	3.0
782	42614744	虎扑JR1161466756	0.056128	0.000006	[17]	丢脸，斗鱼中韩比赛被韩国侮辱呵呵	85.0	1.0	23491,43016	5.0
783	42608304	JayceZhou	0.056071	0.000006	[22]	快100天了，女朋友今天给我买皮肤	85.0	2.0	21709	17.0
784	42608246	红色方的小兵	0.055192	0.000006	[22]	你最喜欢哪张英雄或皮肤的原画？	85.0	2.0	25844,21709	105.0
785	42609707	Kobe打铁没我响丶	0.054474	0.000005	[22]	兄弟们帮我估个价呗	85.0	2.0	0	16.0
786	42568685	一位不愿意透露姓名的粉丝	0.054298	0.000005	[17, 22]	有没有发现，最近几年出的英雄很少叫外号，基本都是叫名字的居多了	85.0	1.0	25844	157.0
787	42612952	clearlove明恋	0.052894	0.000005	[22]	外媒盘点最具标志性的 英雄与选手 组合：Uzi与薇恩，Doinb与克烈上榜	85.0	2.0	42659,25844,43174,16104,27085,43326,15967	68.0
788	42555956	瓦罗兰白银饭店	0.052874	0.000005	[18]	为爱发电，业界劳模，有哪些选手真的很爱直播？	85.0	2.0	27085	36.0
789	42601354	我是正经人orz	0.052322	0.000005	[18, 22, 26]	震惊！PGG战队随队出征MSI的替补辅助选手DSN，竟是一位女选手！	85.0	2.0	327125,306998,35588,26406,42790,42967,27085	39.0
790	42610776	Ha0J1an9	0.051939	0.000005	[22]	刀妹皮肤哪个好	85.0	2.0	36459,21709	22.0
791	42558517	贝尔我的	0.050885	0.000005	[17, 18, 22]	觉得DK暴虐其他队伍的多少都有点幼稚	85.0	1.0	57169,25046	105.0
792	42575043	fangpeng2004	0.050865	0.000005	[18]	如何评价莎莉的打野打韩队？	85.0	2.0	55922,42648	28.0
793	42603612	带薪评论	0.049821	0.000005	[17, 22]	排位一波操作自己以为好秀，但看了回放却高兴不起来了	85.0	1.0	22812	33.0
794	42573816	勤奋的蟹老板	0.498032	0.000005	[17, 22]	周淑怡最新作品出炉，泰式风情很顶	85.0	2.0	15649	44.0
795	42609093	诸葛丞相的魔封波	0.049727	0.000005	[22, 26]	msi版本上单回到坦克和重装战士版本了？	85.0	2.0	45461,42967,38809,42697,25582	28.0
796	42595760	瑞瑞华	0.048532	0.000005	[17, 22]	大乱斗千珏叠不了印记？	85.0	2.0	15876,23303	42.0
797	42580174	我来说联盟	0.048143	0.000005	[17]	霸哥究竟能不能打职业？Uzi直播中说道:他可以打职业！	85.0	2.0	43174,42742,34312	89.0
798	42589590	小伙还很嫩	0.047431	0.000005	[18, 22, 26]	LPL中单谁能跟Showmaker碰一下	85.0	1.0	22673,42709,293027	126.0
799	42568912	丨陈丶	0.047191	0.000005	[18]	都把DK类比18KZ,难道不是16skt更像，s冠后上单被挖，msi遇rng	85.0	2.0	57169,42967,42791	23.0
800	42583597	少点谩骂多点理性讨论	0.047144	0.000005	[17, 18, 22, 26]	MSI各战队选手排位概况，DK众人高效上分，Wei找到上分密码，Ming上分艰难	85.0	2.0	57169,58035,47926,26406,42967,22812,27085	34.0
801	42589392	夜之森小红	0.047001	0.000005	[18]	有没有英雄名或皮肤名在改过之后备受好评？	85.0	2.0	25844,21709	36.0
802	42604169	李元浩的正牌女友	0.046715	0.000005	[18, 22, 26]	为什么17年洲际赛LPL能以下克上，18年亚运会能夺冠	85.0	1.0	42709	26.0
803	42608376	红色方的小兵	0.046556	0.000005	[22]	云顶之弈S5上线一天，大家感觉玩起来如何？	85.0	2.0	16401	15.0
804	42598306	吃瓜就硬吃	0.046365	0.000005	[17, 18, 22]	靠谱电竞最新一期什么情况？	85.0	1.0	22044	65.0
805	42604751	我永远最喜欢小木曾雪菜	0.046186	0.000005	[18, 22]	大乱斗如果你的队友选了4个poke英雄	85.0	2.0	15876,25844,31647	46.0
806	42606393	单脚秀Theshy	0.045528	0.000005	[22]	中韩主播赛决赛前瞻——韩式打法并不可怕	85.0	2.0	24311,34618	30.0
807	42570432	虎扑JR1274946128	0.045424	0.000005	[17]	亚运会又不代表韩国LOL的全部实力，明年我们拿冠军概率本身就是很高的	85.0	1.0	42643,43016,43001,24859	43.0
808	42613959	虎扑JR1161466756	0.045293	0.000005	[17]	看了斗鱼中韩比赛，更加坚信S8S9是韩国人代打冠军	85.0	1.0	23491,42916,43016,24859	17.0
809	42613019	海棠边的小仙人	0.044174	0.000004	[22]	【直播】Doinb:不要去骇客直播间说巨魔加亚索他会破防的，就像在我直播间说露露	85.0	3.0	38018,42659,20647,18590	22.0
810	42573079	太空人二	0.043899	0.000004	[26]	如何评价我的六边形战力	85.0	2.0	31404	67.0
811	42609946	若你不会走	0.043308	0.000004	[22]	2021第一季度PC游戏影响指数：LOL继续保持第一	85.0	2.0	42643,42684	33.0
812	42565297	虎扑JR0952707987	0.042695	0.000004	[17, 22]	“英雄联盟”“塔罗牌”新皮肤和原始绘画展示	85.0	2.0	138868,21709,19567	48.0
813	42560265	voliCD	0.042616	0.000004	[22]	耳熟能详，哪些英雄的技能你都能熟练喊出名字来？	85.0	2.0	25844,20118	220.0
814	42576242	深情不及久伴蜂鸟大老师	0.042497	0.000004	[17, 18, 22, 26]	LPL历史上有没有几乎零差评的选手？	85.0	2.0	42709,27085	223.0
815	42603618	为什么要这样子嗷	0.041956	0.000004	[18, 22]	孙悟空哪个皮肤最好兄弟们！！！	85.0	2.0	35188,21709	85.0
816	42560216	voliCD	0.041820	0.000004	[22]	有哪些英雄是看起来很秀，上手发现却不是很难的？	85.0	2.0	25844	257.0
817	42572032	虎扑JR0611017158	0.041618	0.000004	[17, 22]	还有人记得英雄联盟，改版英雄以前的台词吗？	85.0	2.0	25844,19567	121.0
818	42611091	RWandKD	0.041581	0.000004	[22]	这次msi宝典值得买嘛？	85.0	2.0	30036,19972,42967	19.0
819	42590753	我就是inevitable	0.041312	0.000004	[17, 22]	理性分析，letme是怎么一步一步把自己玩崩然后甩锅打野的	85.0	2.0	43653	54.0
820	42609125	联盟档案室	0.040175	0.000004	[17]	Gala:天道酬勤 LPL最勤奋的选手	85.0	2.0	42791,48184	6.0
821	42612525	舞姿行不行	0.039831	0.000004	[22]	还有半年，369就是自由身了，到时候会有战队疯抢吧	85.0	1.0	26406	40.0
822	42559953	虎扑JR1852756677	0.039652	0.000004	[17, 22]	说一下rng在msi的优劣势	85.0	2.0	42967,42791	114.0
823	42560312	voliCD	0.049546	0.000004	[22]	火影版英雄联盟动画：佐助，你这意识不配打高分段！	85.0	3.0	18697,25947,19567	16.0
824	42560148	内马远	0.039230	0.000004	[18]	剑圣是不是大乱斗中最容易五杀英雄？	85.0	3.0	15876,25844,35499	67.0
825	42578705	元天上帝	0.038702	0.000004	[18, 26]	为什么各战队队员之间有些都玩得很好，就没见过有和edg队员玩的？	85.0	1.0	35892,26406,43420	36.0
826	42594911	人床说	0.038668	0.000004	[22]	左手，你啥时候可以进化啊	85.0	2.0	35522	55.0
827	42559183	萌库哇咔咔	0.038666	0.000004	[17, 22]	刷野不虚莫甘娜，carry能力更强，皎月打野才是这版本真正的答案？	85.0	2.0	24721,43124,42648,42697,29469,326091	79.0
828	42607547	Twitter基地	0.038626	0.000004	[22]	小炮皮肤怎么选	85.0	2.0	21709	65.0
829	42604137	冷静猫范德萨	0.038412	0.000004	[18, 22]	【皮肤鉴赏团】五一活动首次半价皮肤推荐	85.0	2.0	21709	262.0
830	42606985	虎扑JR1141623426	0.038097	0.000004	[18, 22]	左手现在在联盟是什么水平，如果放在市场上哪些队伍会抢？	85.0	1.0	35522,18756,25046	45.0
831	42574350	轻拟	0.037998	0.000004	[18]	猴子说(真猴子不是假猴子):总算知道rng为什么没有冠军了	85.0	1.0	29825,42791,24859	4.0
832	42583673	voliCD	0.037864	0.000004	[18]	历史回顾四年前的今天：WE成为LPL联赛第6支新科冠军	85.0	2.0	42709,32631,43417,24859	68.0
833	42608358	天选塔姆	0.037863	0.000004	[18, 22]	英雄联盟中有哪些皮肤是质量差但很稀有？	85.0	2.0	21709,19567	28.0
834	42611088	捧杯吧G2	0.037723	0.000004	[22]	SN夏季赛路在何方	85.0	2.0	43238	25.0
835	42607852	极地大乱斗资深玩家	0.037369	0.000004	[22]	巨魔皮肤哪个比较好	85.0	2.0	38018,21709	45.0
836	42599050	瓦罗兰白银饭店	0.037363	0.000004	[22]	高Ping战士，打游戏的时候，多少延迟是你能接受的？	85.0	2.0	54819,38809,42684	81.0
837	42598906	虎扑JR1609386696	0.036468	0.000004	[17, 22]	还有半年，TES的Knight就是自由身了	85.0	1.0	43130	173.0
838	42609121	詹皇永远历史第一	0.036325	0.000004	[22]	xdm这些皮肤可拿下不	85.0	2.0	43042,21709	42.0
839	42602988	voliCD	0.036271	0.000004	[22]	不懂就问，大家云顶S5都摸索出什么好上分的套路？	85.0	2.0	18665	54.0
840	42608303	我永远最喜欢小木曾雪菜	0.035687	0.000004	[22]	大乱斗哪些英雄是你觉得“狗都不玩的”	85.0	1.0	15876,25844	123.0
841	42590462	圣嘉然Diana	0.034914	0.000003	[22]	[深度攻略]加入光荣的进化吧！——S11赛季维克托攻略	85.0	2.0	56453,40586,18586,39390	66.0
842	42608313	红色方的小兵	0.034885	0.000003	[18, 22]	今日五一半价活动开启，一人推荐一个英雄的半价皮肤吧	85.0	2.0	25844,21709	93.0
843	42597394	虎扑JR0337947185	0.034804	0.000003	[22]	IG夏季赛想起飞	85.0	1.0	42700	54.0
844	42606402	Curryell	0.033891	0.000003	[18, 22, 26]	[情报站]C9官推：训练赛打的不错，快点到MSI吧	85.0	2.0	52629,42967,26716	57.0
845	42604897	虎扑JR1800357908	0.033635	0.000003	[22]	靠谱电竞最新回应	85.0	1.0	22044	29.0
846	42570025	走在河边湿了脚	0.033495	0.000003	[17, 18]	还是想问一下jr们，EDG的上单芙兰朵是谁呀？	85.0	1.0	43420	23.0
847	42597078	芹菜炒肉yyds	0.033205	0.000003	[18, 22]	神装VN仍难Carry，虎牙中韩对抗半决赛 NBO 1:3 SLD，SLD进入决赛	85.0	2.0	35217,21828,24311,319533,38602,319370	68.0
848	42611168	虎扑JR0121731940	0.032334	0.000003	[22]	bo这个处理很正常好吧。。完全可以预料，你们为啥反应这么大?	85.0	1.0	48148	27.0
849	42608373	虎扑JR0791374908	0.031964	0.000003	[18, 22]	ig和t1两个巅峰期恐怖至极的队伍如果想重返世界赛需要怎么做？	85.0	2.0	25046,44039,42700	363.0
850	42614532	植树	0.031939	0.000003	[22]	杰斯SOLO赛，来自世界各地16位顶级杰斯选手齐聚单挑赛，看好谁夺冠？	85.0	2.0	38684,27085	20.0
851	42605640	虎扑JR1347613281	0.031600	0.000003	[17, 22]	线上和打野，永远不能互相理解	85.0	1.0	42648	86.0
852	42604266	少点谩骂多点理性讨论	0.030947	0.000003	[18, 22, 26]	中单千珏？？Perkz的秘密武器？	85.0	2.0	22673,43717,23303,42878	28.0
853	42605622	clearlove明恋	0.029711	0.000003	[18, 22]	DWG皮肤制作幕后花絮 Nuguri：让他们画出小浣熊的耳朵和尾巴\n	85.0	2.0	43318,207812,21709	50.0
854	42589730	ONE丶OKWYKD	0.028021	0.000003	[18]	这样的荣誉可否超过faker？	85.0	1.0	34499,43103	41.0
855	42566157	夜深露重情更浓	0.025992	0.000003	[18]	个人浅见rng打DK提要	85.0	1.0	57169,42791	34.0
856	42614065	虎扑JR2071410527	0.025126	0.000003	[17, 22]	说实话s8还好，s9那个中上不是随便换优秀中国人就能赢吗	85.0	1.0	42916,42734	31.0
857	42600075	余半仙的爸爸	0.244742	0.000002	[18, 22]	有一个一起看张嘉文的女朋友是什么体验？	85.0	2.0	32836,27063	41.0
858	42609228	联盟档案室	0.023971	0.000002	[22]	Gala:天道酬勤的RNG新神	85.0	3.0	42791,48184	20.0
859	42599329	林恩森凯	0.022717	0.000002	[18]	表现而论 ig在s8世界赛上谁是老二冠军	85.0	1.0	24859,42700,43007	23.0
860	42610819	饿猫先森	0.022702	0.000002	[22]	英雄联盟勇敢的召唤师啊，你只能在以下几个英雄里选择一名和你结婚生子，你会选择谁？	85.0	2.0	25844,20429,19567	38.0
861	42574179	龙的传人cc	0.022586	0.000002	[17, 18, 22, 26]	LOL：EDG上单真要换人了，阿布谈圣枪哥认知不够，正在考虑新人	85.0	2.0	42643,22537,34842,43420,43742	215.0
862	42604023	虎扑JR1234847111	0.022054	0.000002	[18, 22]	与人民电竞对话，藤井联盟生态负责人这样回应Bo事件	85.0	2.0	48148,18756,22044	35.0
863	42602676	勇士库骑士詹青春偶像	0.021659	0.000002	[18]	对于iG，参考RNG，乌兹走了RNG夺冠，下赛季iG夺冠Whynot？	85.0	1.0	42791,18586,42700,204253	15.0
864	42560556	虎扑JR0629621009	0.019779	0.000002	[17]	孙亚龙虚伪至极 刚喷完别人演员就找个演员直播？	85.0	2.0	34057	64.0
865	42608850	aklwe152	0.018615	0.000002	[22]	MSI宝典我直接芜湖	85.0	2.0	19972,42967	17.0
866	42560228	voliCD	0.176534	0.000002	[18]	美女来了，Rita这波变装是什么水平？	85.0	3.0	59546	7.0
867	42611640	股票猛飞	0.015886	0.000002	[22]	s8赛季到底jkl和uzi谁更有统治力一些？	85.0	1.0	43174,42935,18586,43007	33.0
868	42601369	Quite丶boy丶cy	0.015798	0.000002	[18, 22]	五一半价活动 皮肤鉴赏——战斗学院 杰斯	85.0	2.0	38684,21709	51.0
869	42598478	让乌云遮住	0.015236	0.000002	[17, 18]	不谈其他，只谈操作，S3的faker和S8的the shy,谁更离谱	85.0	1.0	42999,43103,42703	56.0
870	42608237	汉中王_关羽	0.013724	0.000001	[18, 22]	JKL是不是冠军ad中技术最糙的那一个？	85.0	1.0	42935,24859,42636	92.0
871	42605695	叶离	0.013018	0.000001	[18, 22]	Nuguri。凯南冠军皮肤	85.0	2.0	30310,207812,24859,21709	52.0
872	42607357	krisds007	0.011005	0.000001	[18, 22]	兄弟们，乐芙兰皮肤选魔女还是ig？	85.0	2.0	27938,17620,42700,21709	37.0